/OC /MC0 BDC 
q
419.611 565.487 514.513 514.513 re
W n
q
/GS0 gs
778.0963929 191.5130108 191.5130108 -778.0963929 341.4764144 851.3273156 cm
BX /Sh0 sh EX Q
Q
q
928.607 760.217 m
925.779 757.211 922.909 754.259 920.011 751.32 c
920.011 751.32 l
919.151 750.424 918.277 749.567 917.364 748.696 c
917.364 748.696 l
909.819 741.105 902.002 733.711 893.963 726.555 c
893.963 726.555 l
866.702 702.264 836.888 680.487 805.36 661.865 c
805.36 661.865 l
774.139 643.397 740.992 627.848 706.787 615.642 c
706.787 615.642 l
672.556 603.449 637.04 594.472 601.18 589.001 c
601.18 589.001 l
598.231 588.561 595.253 588.134 592.288 587.733 c
592.288 587.733 l
592.167 587.69 592.059 587.675 591.925 587.671 c
591.925 587.671 l
590.631 587.483 589.351 587.321 588.029 587.144 c
588.029 587.144 l
587.855 587.127 587.679 587.11 587.491 587.065 c
587.491 587.065 l
555.71 583.005 523.548 581.667 491.654 583.009 c
491.654 583.009 l
491.356 583.017 491.099 583.038 490.802 583.045 c
490.802 583.045 l
490.7 583.043 490.595 583.051 490.49 583.059 c
490.49 583.059 l
490.385 583.067 490.28 583.075 490.179 583.073 c
490.179 583.073 l
487.136 583.212 484.105 583.378 481.06 583.584 c
481.06 583.584 l
480.857 583.58 480.627 583.589 480.41 583.625 c
480.41 583.625 l
459.951 584.888 439.672 587.248 419.611 590.701 c
419.611 590.701 l
419.611 565.487 l
934.124 565.487 l
934.124 764.938 l
932.237 763.431 930.397 761.856 928.607 760.217 c
W n
q
/GS0 gs
701.7379724 155.7829715 155.7829715 -701.7379724 446.4186254 840.3697246 cm
BX /Sh1 sh EX Q
Q
q
882.654 639.733 m
850.896 620.946 817.178 605.13 782.386 592.714 c
782.386 592.714 l
747.566 580.311 711.439 571.181 674.963 565.616 c
674.963 565.616 l
674.675 565.573 674.386 565.53 674.097 565.487 c
674.097 565.487 l
934.124 565.487 l
934.124 673.997 l
917.597 661.667 900.392 650.21 882.654 639.733 c
419.611 569.943 m
420.035 569.602 420.459 569.261 420.885 568.921 c
420.885 568.921 l
420.955 568.853 421.025 568.786 421.109 568.746 c
421.109 568.746 l
422.472 567.654 423.842 566.567 425.217 565.487 c
425.217 565.487 l
501.763 565.487 l
480.641 568.679 459.754 573.05 439.143 578.597 c
439.143 578.597 l
439.019 578.622 438.895 578.647 438.743 578.685 c
438.743 578.685 l
432.339 580.409 425.962 582.248 419.611 584.199 c
419.611 584.199 l
h
W n
q
/GS0 gs
661.3734958 54.2264809 54.2264809 -661.3734958 419.6111588 768.516799 cm
BX /Sh2 sh EX Q
Q
q
419.611 1080 m
419.611 898.408 l
420.411 899.227 421.214 900.044 422.018 900.86 c
422.018 900.86 l
422.878 901.757 423.751 902.614 424.666 903.484 c
424.666 903.484 l
432.21 911.075 440.027 918.47 448.066 925.626 c
448.066 925.626 l
475.327 949.916 505.14 971.695 536.669 990.313 c
536.669 990.313 l
567.89 1008.788 601.037 1024.328 635.242 1036.534 c
635.242 1036.534 l
669.473 1048.729 704.989 1057.704 740.849 1063.174 c
740.849 1063.174 l
743.799 1063.622 746.776 1064.05 749.741 1064.451 c
749.741 1064.451 l
749.862 1064.489 749.97 1064.507 750.105 1064.507 c
750.105 1064.507 l
751.398 1064.698 752.678 1064.86 753.999 1065.031 c
753.999 1065.031 l
754.175 1065.051 754.349 1065.07 754.538 1065.118 c
754.538 1065.118 l
786.319 1069.176 818.481 1070.51 850.376 1069.167 c
850.376 1069.167 l
850.673 1069.167 850.93 1069.138 851.228 1069.138 c
851.228 1069.138 l
851.431 1069.138 851.647 1069.1 851.85 1069.109 c
851.85 1069.109 l
854.893 1068.967 857.924 1068.805 860.969 1068.595 c
860.969 1068.595 l
861.172 1068.604 861.402 1068.595 861.619 1068.557 c
861.619 1068.557 l
886.064 1067.044 910.258 1063.969 934.124 1059.336 c
934.124 1059.336 l
934.124 1080 l
h
W n
q
/GS0 gs
701.7379724 155.7829715 155.7829715 -701.7379724 446.4191896 840.3704984 cm
BX /Sh1 sh EX Q
Q
q
880.707 1080 m
898.735 1076.362 916.553 1071.839 934.124 1066.441 c
934.124 1066.441 l
934.124 1080 l
h
419.611 1080 m
419.611 971.606 l
444.384 990.844 470.871 1008.095 498.524 1022.975 c
498.524 1022.975 l
530.456 1040.192 564.196 1054.408 598.858 1065.241 c
598.858 1065.241 l
617.787 1071.148 637.059 1076.081 656.52 1080 c
656.52 1080 l
h
W n
q
/GS0 gs
661.3734958 54.2264809 54.2264809 -661.3734958 419.610832 768.5166611 cm
BX /Sh2 sh EX Q
Q
q
419.611 565.487 514.513 514.513 re
W n
0.122 0.722 0.447 rg
/GS1 gs
q 1 0 0 1 629.9511 858.2012 cm
0 0 m
-0.066 -0.136 -0.132 -0.276 -0.202 -0.413 c
-26.768 11.011 l
-26.706 11.171 -26.648 11.328 -26.595 11.489 c
-26.446 12.038 -26.265 12.569 -26.054 13.09 c
-23.876 18.443 -18.621 22.227 -12.495 22.227 c
-4.756 22.227 1.597 16.187 2.1 8.572 c
2.121 8.25 2.133 7.924 2.133 7.599 c
2.133 7.273 2.121 6.947 2.1 6.625 c
2.017 5.346 1.766 4.113 1.374 2.945 c
h
f
Q
0.047 0.992 0.467 rg
q 1 0 0 1 632.0511 866.7736 cm
0 0 m
0 -1.948 l
-0.083 -3.226 -0.334 -4.459 -0.726 -5.627 c
-1.163 -6.617 -1.621 -7.602 -2.1 -8.572 c
-2.166 -8.709 -2.232 -8.849 -2.302 -8.985 c
-9.842 -24.136 -22.201 -36.488 -37.366 -44.012 c
-37.39 -44.024 -37.415 -44.036 -37.439 -44.044 c
-44.028 -47.311 -51.14 -49.663 -58.614 -50.938 c
-58.647 -50.945 -58.68 -50.95 -58.714 -50.954 c
-58.898 -50.987 -59.08 -51.016 -59.266 -51.044 c
-59.282 -51.049 -59.295 -51.053 -59.311 -51.053 c
-63.341 -51.705 -67.479 -52.043 -71.691 -52.043 c
-73.098 -52.043 -74.496 -52.006 -75.886 -51.932 c
-75.911 -51.928 -75.935 -51.928 -75.96 -51.928 c
-80.597 -51.671 -85.126 -51.012 -89.512 -49.973 c
-89.524 -49.973 -89.537 -49.968 -89.549 -49.964 c
-91.191 -49.576 -92.811 -49.135 -94.412 -48.644 c
-92.238 -48.438 -90.081 -48.14 -87.944 -47.753 c
-87.924 -47.749 -87.907 -47.745 -87.89 -47.74 c
-82.85 -46.824 -77.915 -45.402 -73.127 -43.483 c
-73.098 -43.475 -73.068 -43.463 -73.044 -43.451 c
-72.656 -43.298 -72.273 -43.141 -71.889 -42.98 c
-71.864 -42.968 -71.836 -42.959 -71.811 -42.948 c
-71.774 -42.93 -71.74 -42.918 -71.703 -42.902 c
-67.69 -41.202 -63.8 -39.156 -60.116 -36.796 c
-60.095 -36.78 -60.074 -36.768 -60.054 -36.755 c
-59.902 -36.656 -59.753 -36.561 -59.604 -36.463 c
-59.588 -36.454 -59.576 -36.446 -59.563 -36.433 c
-59.22 -36.21 -58.878 -35.984 -58.54 -35.757 c
-54.435 -32.985 -50.578 -29.8 -47.067 -26.294 c
-43.561 -22.787 -40.381 -18.93 -37.609 -14.826 c
-34.808 -10.685 -32.403 -6.254 -30.46 -1.663 c
-29.887 -0.31 -29.355 1.06 -28.868 2.438 c
-28.806 2.598 -28.748 2.755 -28.695 2.917 c
-28.509 3.448 -28.328 3.981 -28.154 4.517 c
-25.976 9.871 -20.721 13.655 -14.595 13.655 c
-6.856 13.655 -0.503 7.615 0 0 c
f
Q
q 1 0 0 1 632.0511 779.1102 cm
0 0 m
0 -7.751 -6.303 -14.059 -14.055 -14.059 c
-15.148 -14.059 l
-18.502 -13.803 -21.62 -12.371 -24.025 -9.971 c
-25.415 -8.581 -26.479 -6.951 -27.177 -5.178 c
-27.177 -5.173 -27.181 -5.169 -27.181 -5.165 c
-27.358 -4.588 -27.54 -4.014 -27.733 -3.444 c
-27.733 -3.441 -27.733 -3.437 -27.737 -3.432 c
-28.369 -1.539 -29.074 0.333 -29.858 2.182 c
-31.801 6.773 -34.206 11.199 -37.007 15.345 c
-39.779 19.449 -42.959 23.306 -46.465 26.813 c
-47.885 28.232 -49.362 29.594 -50.888 30.901 c
-50.892 30.905 l
-51.044 31.037 -51.202 31.169 -51.354 31.301 c
-51.358 31.301 -51.363 31.305 v
-51.556 31.553 -51.668 31.866 -51.668 32.208 c
-51.668 32.815 -51.305 33.335 -50.784 33.566 c
-50.784 33.57 -50.781 33.566 v
-50.603 33.607 -50.426 33.653 -50.249 33.694 c
-46.243 34.671 -42.312 35.975 -38.479 37.592 c
-37.032 38.203 -35.604 38.859 -34.197 39.564 c
-34.193 39.568 -34.185 39.573 -34.177 39.576 c
-33.901 39.713 -33.616 39.853 -33.339 39.993 c
-33.336 39.993 l
-32.98 40.117 -32.597 40.182 -32.201 40.182 c
-31.747 40.182 -31.31 40.096 -30.91 39.939 c
-30.91 39.936 -30.906 39.936 y
-30.832 39.89 -30.761 39.844 -30.687 39.795 c
-30.678 39.791 -30.671 39.787 -30.658 39.778 c
-30.435 39.635 -30.212 39.494 -29.989 39.35 c
-29.986 39.345 -29.977 39.341 v
-29.911 39.3 -29.846 39.259 -29.78 39.213 c
-29.775 39.213 -29.771 39.21 y
-17.717 31.33 -7.983 20.184 -1.836 7.037 c
-1.831 7.037 -1.831 7.037 -1.836 7.034 c
-1.741 6.827 -1.646 6.625 -1.551 6.418 c
-1.546 6.41 -1.543 6.402 -1.539 6.393 c
-1.328 5.932 -1.122 5.465 -0.919 4.995 c
-0.912 4.978 -0.903 4.966 -0.899 4.95 c
-0.317 3.411 0 1.741 0 0 c
f
Q
q 1 0 0 1 572.0465 809.6322 cm
0 0 m
-0.012 -0.083 -0.025 -0.161 -0.037 -0.239 c
-0.037 -0.248 l
-0.05 -0.338 -0.066 -0.43 -0.082 -0.52 c
-0.078 -0.524 -0.082 -0.524 y
-0.091 -0.602 -0.103 -0.673 -0.119 -0.751 c
-2.467 -15.07 -8.757 -28.08 -17.837 -38.628 c
-17.837 -38.632 -17.845 -38.636 y
-17.953 -38.768 -18.064 -38.896 -18.179 -39.024 c
-18.183 -39.029 l
-18.773 -39.709 -19.38 -40.377 -19.995 -41.037 c
-20.019 -41.062 l
-22.358 -43.174 -25.431 -44.494 -28.806 -44.581 c
-29.507 -44.581 l
-36.467 -44.403 -42.142 -38.991 -42.741 -32.147 c
-42.741 -29.334 l
-42.385 -26.293 -41.029 -23.481 -38.829 -21.282 c
-38.603 -21.055 -38.367 -20.837 -38.128 -20.634 c
-38.124 -20.626 -38.121 -20.621 -38.116 -20.626 c
-37.625 -20.258 -37.138 -19.888 -36.656 -19.512 c
-36.648 -19.504 l
-34.152 -17.552 -31.764 -15.445 -29.527 -13.205 c
-26.017 -9.699 -22.837 -5.842 -20.064 -1.737 c
-19.821 -1.374 -19.578 -1.011 -19.338 -0.644 c
-19.338 -0.639 -19.334 -0.635 -19.33 -0.627 c
-19.182 -0.396 -19.029 -0.17 -18.889 0.062 c
-18.885 0.066 -18.885 0.07 -18.881 0.07 c
-18.27 0.817 -17.358 1.303 -16.336 1.357 c
-16.166 1.341 -16.001 1.324 -15.832 1.307 c
-15.819 1.303 -15.807 1.303 -15.795 1.303 c
-15.647 1.291 -15.493 1.279 -15.346 1.266 c
-15.329 1.266 l
-13.113 1.077 -10.882 0.981 -8.638 0.981 c
-6.389 0.981 -4.158 1.077 -1.943 1.266 c
-1.934 1.266 l
-1.725 1.283 -1.509 1.303 -1.295 1.324 c
-0.611 1.242 -0.07 0.689 0 0 c
f
Q
0.608 1 0.176 rg
q 1 0 0 1 558.4177 856.0365 cm
0 0 m
0.002 -0.145 0 -0.29 -0.006 -0.435 c
-0.072 -2.059 -0.6 -3.628 -1.555 -4.988 c
-2.869 -6.86 -4.834 -8.109 -7.083 -8.508 c
-7.298 -8.546 -7.516 -8.571 -7.729 -8.592 c
-8.263 -8.646 -8.793 -8.649 -9.32 -8.602 c
-9.472 -8.575 -9.62 -8.545 -9.769 -8.509 c
-10.341 -8.388 -10.911 -8.246 -11.469 -8.086 c
-11.605 -8.054 -11.738 -8.013 -11.87 -7.973 c
-16.204 -6.709 -20.193 -4.499 -23.558 -1.551 c
-23.726 -1.405 -23.89 -1.261 -24.053 -1.111 c
-24.788 -0.438 -25.489 0.272 -26.16 1.013 c
-26.17 1.029 -26.184 1.044 -26.193 1.056 c
-27.643 2.876 -28.67 5.071 -29.1 7.515 c
-29.764 11.3 -28.912 15.116 -26.709 18.262 c
-25.842 19.501 -24.801 20.579 -23.629 21.463 c
-22.851 22.062 -22.011 22.569 -21.124 22.993 c
-21.072 23.015 -21.021 23.041 -20.973 23.062 c
-19.855 23.575 -18.662 23.952 -17.419 24.171 c
-17.056 24.232 -16.697 24.284 -16.336 24.32 c
-15.641 24.389 -14.948 24.409 -14.256 24.374 c
-14.21 24.375 -14.16 24.371 -14.11 24.368 c
-14.105 24.364 l
-11.458 24.221 -8.895 23.337 -6.672 21.78 c
-3.864 19.809 -1.889 16.967 -1.028 13.691 c
-1.027 13.686 l
-0.968 13.34 -0.914 13.001 -0.862 12.654 c
-0.854 12.609 -0.845 12.565 -0.845 12.519 c
-0.733 11.809 -0.636 11.097 -0.549 10.38 c
-0.548 10.372 -0.552 10.364 -0.547 10.355 c
-0.535 10.237 -0.518 10.114 -0.506 9.99 c
-0.501 9.987 -0.501 9.982 -0.505 9.979 c
-0.123 6.688 0.051 3.355 0 0 c
f
Q
0.047 0.992 0.467 rg
q 1 0 0 1 692.4996 829.3571 cm
0 0 m
0 0.075 0 0.103 -0.007 0.178 c
8.069 6.451 13.293 15.82 13.293 26.257 c
13.293 30.357 l
13.293 30.421 13.241 30.471 13.171 30.471 c
-2.413 30.471 l
-2.478 30.471 -2.536 30.421 -2.536 30.357 c
-2.536 26.371 l
-2.536 15.594 -12.091 6.775 -23.767 6.775 c
-24.239 6.775 -24.631 7.131 -24.631 7.573 c
-24.631 30.357 l
-24.631 30.421 -24.683 30.471 -24.754 30.471 c
-40.344 30.471 l
-40.408 30.471 -40.467 30.421 -40.467 30.357 c
-40.467 -31.343 l
-40.467 -31.408 -40.408 -31.457 -40.344 -31.457 c
-24.754 -31.457 l
-24.683 -31.457 -24.631 -31.408 -24.631 -31.343 c
-24.631 -7.869 l
-24.631 -7.804 -24.573 -7.757 -24.508 -7.757 c
-22.253 -7.757 l
-10.571 -7.757 -1.018 -16.575 -1.018 -27.358 c
-1.018 -31.343 l
-1.018 -31.408 -0.958 -31.457 -0.895 -31.457 c
14.69 -31.457 l
14.76 -31.457 14.813 -31.408 14.813 -31.343 c
14.813 -27.244 l
14.813 -16.143 9.052 -6.197 0 0 c
f
Q
q 1 0 0 1 768.314 845.2612 cm
0 0 m
0 14.608 l
-53.747 14.608 l
-53.747 -23.607 l
-15.826 -23.607 l
-15.826 -26.994 l
-15.826 -30.132 -18.601 -32.689 -21.907 -32.689 c
-53.747 -32.689 l
-53.747 -47.302 l
-21.907 -47.302 l
-9.838 -47.302 0 -38.222 0 -26.994 c
0 -9.081 l
-37.915 -9.081 l
-37.915 0 l
h
f
Q
q 1 0 0 1 792.9382 812.5297 cm
0 0 m
31.584 0 l
31.584 -14.619 l
-15.837 -14.619 l
-15.837 47.325 l
0 47.325 l
h
f
Q
0.608 1 0.176 rg
q 1 0 0 1 657.4823 789.6139 cm
0 0 m
0 0.01 0 0.013 -0.001 0.023 c
1.086 0.805 1.79 1.975 1.79 3.278 c
1.79 3.789 l
1.79 3.798 1.783 3.804 1.773 3.804 c
-0.325 3.804 l
-0.334 3.804 -0.342 3.798 -0.342 3.789 c
-0.342 3.292 l
-0.342 1.947 -1.628 0.846 -3.201 0.846 c
-3.264 0.846 -3.317 0.891 -3.317 0.946 c
-3.317 3.789 l
-3.317 3.798 -3.324 3.804 -3.334 3.804 c
-5.433 3.804 l
-5.441 3.804 -5.45 3.798 -5.45 3.789 c
-5.45 -3.912 l
-5.45 -3.92 -5.441 -3.927 -5.433 -3.927 c
-3.334 -3.927 l
-3.324 -3.927 -3.317 -3.92 -3.317 -3.912 c
-3.317 -0.982 l
-3.317 -0.974 -3.309 -0.968 -3.301 -0.968 c
-2.997 -0.968 l
-1.424 -0.968 -0.137 -2.069 -0.137 -3.415 c
-0.137 -3.912 l
-0.137 -3.92 -0.13 -3.927 -0.121 -3.927 c
1.978 -3.927 l
1.988 -3.927 1.994 -3.92 1.994 -3.912 c
1.994 -3.401 l
1.994 -2.015 1.219 -0.773 0 0 c
f
Q
q 1 0 0 1 676.3201 791.5986 cm
0 0 m
0 1.819 l
-7.221 1.819 l
-7.221 -2.941 l
-2.127 -2.941 l
-2.127 -3.362 l
-2.127 -3.753 -2.499 -4.072 -2.943 -4.072 c
-7.221 -4.072 l
-7.221 -5.892 l
-2.943 -5.892 l
-1.322 -5.892 0 -4.761 0 -3.362 c
0 -1.132 l
-5.095 -1.132 l
-5.095 0 l
h
f
Q
q 1 0 0 1 684.9353 792.9543 cm
0 0 m
0 -6.784 l
0.003 -6.782 l
0.003 -7.248 l
-0.611 -7.248 l
-0.609 -7.247 l
-1.657 -7.247 l
-1.657 -7.248 l
-2.029 -7.248 l
-2.029 -6.782 l
-2.028 -6.784 l
-2.028 -4.066 l
-5.641 -4.066 l
-5.641 -6.786 l
-5.636 -6.782 l
-5.636 -7.248 l
-6.247 -7.248 l
-6.247 -7.247 l
-7.055 -7.247 l
-7.055 -7.248 l
-7.666 -7.248 l
-7.666 0.143 l
-7.666 0.159 l
-7.666 0.463 l
-5.635 0.463 l
-5.635 -0.003 l
-5.641 0.001 l
-5.641 -2.627 l
-2.028 -2.627 l
-2.028 0.463 l
0.004 0.463 l
0.004 -0.003 l
h
f
Q
q 1 0 0 1 695.3752 793.4099 cm
0 0 m
0 -7.696 l
-1.976 -7.696 l
-1.976 -7.23 l
-1.975 -7.231 l
-1.975 -1.995 l
-3.763 -6.555 l
-3.834 -6.739 -4.048 -6.866 -4.291 -6.866 c
-5.196 -6.866 l
-5.44 -6.866 -5.654 -6.739 -5.727 -6.549 c
-7.513 -1.996 l
-7.513 -7.231 l
-7.512 -7.23 l
-7.512 -7.696 l
-9.488 -7.696 l
-9.488 0 l
-8.875 0 l
-8.878 -0.002 l
-7.559 0 l
-6.763 0 -6.064 -0.422 -5.821 -1.05 c
-4.745 -4.491 l
-3.666 -1.045 l
-3.424 -0.423 -2.725 0 -1.928 0 c
-0.612 -0.002 l
-0.614 0 l
h
f
Q
696.323 785.706 2.028 7.711 re
f*
q 1 0 0 1 704.5544 791.1888 cm
0 0 m
-0.182 -0.539 -0.753 -0.905 -1.406 -0.905 c
-3.228 -0.905 l
-3.228 0.487 l
-0.444 0.487 l
-0.147 0.487 0.083 0.245 0 0 c
2.103 -5.099 m
2.067 -4.215 1.62 -3 0.66 -2.15 c
0.494 -2.002 l
0.693 -1.888 l
1.59 -1.377 2.085 -0.583 2.085 0.347 c
2.085 1.381 1.15 2.222 -0.001 2.222 c
-4.643 2.229 l
-5.255 2.229 l
-5.255 2.023 l
-5.256 2.016 -5.256 2.008 -5.256 2.001 c
-5.256 -5.482 l
-3.228 -5.482 l
-3.228 -2.411 l
-2.253 -2.411 l
-0.774 -2.542 -0.016 -3.927 0.078 -5.243 c
0.078 -5.481 l
0.313 -5.481 l
0.324 -5.481 0.334 -5.482 0.347 -5.482 c
1.839 -5.481 l
1.848 -5.481 1.856 -5.481 1.866 -5.481 c
2.106 -5.481 l
2.106 -5.216 l
2.106 -5.177 2.105 -5.139 2.103 -5.099 c
f
Q
q 1 0 0 1 666.1223 790.2285 cm
0 0 m
-3.659 0 l
-3.649 1.441 l
-1.039 1.439 -0.325 1.439 v
-0.117 1.439 0.001 1.338 0.001 1.161 c
h
2.029 1.103 m
2.029 2.63 0.79 3.174 -0.369 3.174 c
-3.492 3.177 -4.895 3.178 v
-5.698 3.199 l
-5.698 -4.532 l
-3.659 -4.532 l
-3.659 -1.441 l
-0.003 -1.441 l
-0.003 -4.53 l
2.029 -4.53 l
2.029 -0.677 l
2.025 -0.677 l
2.028 0.14 2.029 0.842 2.029 1.103 c
f
Q
q 1 0 0 1 719.1285 791.6062 cm
0 0 m
0 1.82 l
-7.222 1.82 l
-7.222 -2.94 l
-2.127 -2.94 l
-2.127 -3.362 l
-2.127 -3.753 -2.5 -4.071 -2.944 -4.071 c
-7.222 -4.071 l
-7.222 -5.891 l
-2.944 -5.891 l
-1.323 -5.891 0 -4.76 0 -3.362 c
0 -1.131 l
-5.095 -1.131 l
-5.095 0 l
h
f
Q
q 1 0 0 1 762.439 793.3822 cm
0 0 m
0 -7.695 l
-1.975 -7.695 l
-1.975 -7.229 l
-1.974 -7.23 l
-1.974 -1.994 l
-3.762 -6.555 l
-3.833 -6.738 -4.047 -6.865 -4.291 -6.865 c
-5.195 -6.865 l
-5.439 -6.865 -5.654 -6.738 -5.727 -6.548 c
-7.512 -1.996 l
-7.512 -7.23 l
-7.511 -7.229 l
-7.511 -7.695 l
-9.487 -7.695 l
-9.487 0 l
-8.874 0 l
-8.877 -0.002 l
-7.558 0 l
-6.762 0 -6.063 -0.421 -5.82 -1.049 c
-4.744 -4.49 l
-3.665 -1.044 l
-3.423 -0.422 -2.725 0 -1.927 0 c
-0.611 -0.002 l
-0.613 0 l
h
f
Q
q 1 0 0 1 741.77 791.1698 cm
0 0 m
-0.181 -0.539 -0.753 -0.905 -1.405 -0.905 c
-3.228 -0.905 l
-3.228 0.487 l
-0.443 0.487 l
-0.146 0.487 0.083 0.245 0 0 c
2.104 -5.099 m
2.068 -4.215 1.621 -3 0.66 -2.151 c
0.494 -2.002 l
0.694 -1.888 l
1.591 -1.377 2.086 -0.582 2.086 0.347 c
2.086 1.381 1.15 2.222 -0.001 2.222 c
-4.642 2.229 l
-5.255 2.229 l
-5.255 2.023 l
-5.256 2.016 -5.256 2.008 -5.256 2.001 c
-5.256 -5.482 l
-3.228 -5.482 l
-3.228 -2.411 l
-2.252 -2.412 l
-0.774 -2.542 -0.016 -3.926 0.079 -5.243 c
0.079 -5.481 l
0.313 -5.481 l
0.325 -5.481 0.335 -5.482 0.347 -5.482 c
1.839 -5.481 l
1.848 -5.481 1.857 -5.481 1.867 -5.481 c
2.107 -5.481 l
2.107 -5.216 l
2.107 -5.178 2.105 -5.139 2.104 -5.099 c
f
Q
q 1 0 0 1 727.3912 788.0713 cm
0 0 m
-0.018 -1.391 -1.338 -2.439 -3.068 -2.439 c
-4.246 -2.439 l
-5.939 -2.439 -7.317 -1.348 -7.317 -0.005 c
-7.317 5.346 l
-5.291 5.346 l
-5.291 5.057 l
-5.289 5.053 -5.289 5.048 -5.289 5.043 c
-5.289 -0.005 l
-5.289 -0.385 -4.812 -0.705 -4.246 -0.705 c
-3.169 -0.706 -3.073 -0.705 v
-2.564 -0.702 -2.024 -0.503 -2.028 0.045 c
-2.033 0.892 -2.036 3.657 -2.037 4.79 c
-2.037 5.346 l
-0.01 5.346 l
-0.01 5.049 l
-0.007 4.637 0.013 0.993 0 0 c
f
Q
q 1 0 0 1 733.4863 791.207 cm
0 0 m
-0.176 -0.549 -0.752 -0.922 -1.412 -0.922 c
-3.115 -0.922 l
-3.115 0.47 l
-0.43 0.47 l
-0.143 0.47 0.076 0.237 0 0 c
-0.006 2.205 m
-4.239 2.211 l
-5.142 2.211 l
-5.142 -5.5 l
-3.115 -5.5 l
-3.115 -2.428 l
-1.412 -2.428 l
0.579 -2.428 2.08 -1.242 2.08 0.33 c
2.08 1.363 1.143 2.205 -0.006 2.205 c
f
Q
q 1 0 0 1 751.9954 787.4224 cm
0 0 m
0 -1.735 l
-7.171 -1.735 l
-7.171 5.959 l
-6.084 5.959 l
-6.084 5.952 l
-0.069 5.952 l
-0.069 4.217 l
-4.949 4.217 l
-5.057 4.217 -5.144 4.143 -5.144 4.051 c
-5.144 2.881 l
-2.08 2.881 l
-2.08 1.501 l
-2.08 1.472 -2.105 1.449 -2.135 1.443 c
-2.14 1.442 -2.145 1.442 -2.149 1.442 c
-5.144 1.442 l
-5.144 0.14 l
-5.144 0.063 -5.07 0 -4.979 0 c
h
f
Q
q 1 0 0 1 770.5588 787.4224 cm
0 0 m
0 -1.735 l
-7.171 -1.735 l
-7.171 5.959 l
-0.069 5.952 l
-0.069 4.217 l
-4.949 4.217 l
-5.057 4.217 -5.144 4.143 -5.144 4.051 c
-5.144 2.881 l
-2.08 2.881 l
-2.08 1.501 l
-2.08 1.472 -2.105 1.449 -2.135 1.443 c
-2.14 1.442 -2.145 1.442 -2.15 1.442 c
-5.144 1.442 l
-5.144 0.14 l
-5.144 0.063 -5.07 0 -4.979 0 c
h
f
Q
q 1 0 0 1 816.4 788.0646 cm
0 0 m
-0.019 -1.391 -1.339 -2.44 -3.068 -2.44 c
-4.246 -2.44 l
-5.94 -2.44 -7.318 -1.348 -7.318 -0.006 c
-7.318 5.346 l
-5.291 5.346 l
-5.291 5.057 l
-5.29 5.053 -5.29 5.048 -5.29 5.042 c
-5.29 -0.006 l
-5.29 -0.385 -4.813 -0.705 -4.246 -0.705 c
-3.17 -0.707 -3.074 -0.705 v
-2.565 -0.702 -2.025 -0.503 -2.028 0.045 c
-2.033 0.891 -2.037 3.656 -2.038 4.789 c
-2.038 5.346 l
-0.01 5.346 l
-0.01 5.048 l
-0.008 4.636 0.012 0.992 0 0 c
f
Q
q 1 0 0 1 808.1344 790.2399 cm
0 0 m
0 -0.585 l
0 -1.181 -0.002 -2.302 y
-0.002 -2.847 -0.225 -4.622 -3.096 -4.622 c
-4.347 -4.621 l
-6.074 -4.621 -7.481 -3.574 -7.481 -2.286 c
-7.481 0.841 l
-7.481 2.129 -6.074 3.178 -4.347 3.178 c
-3.147 3.178 l
-1.259 3.178 -0.097 2.417 -0.038 1.144 c
-0.036 1.115 -0.038 1.084 -0.04 1.058 c
-0.04 0.779 l
-2.058 0.779 l
-2.058 0.952 l
-2.077 1.408 -2.383 1.446 -2.754 1.446 c
-4.347 1.443 l
-4.649 1.443 -5.453 1.443 -5.453 0.613 c
-5.453 -2.057 l
-5.453 -2.887 -4.62 -2.887 -4.347 -2.887 c
-3.099 -2.888 l
-2.923 -2.89 l
-2.123 -2.89 -2.024 -2.661 -2.024 -1.863 c
-2.024 -1.687 -2.189 -1.546 -2.391 -1.546 c
-3.868 -1.546 l
-3.868 -0.297 l
-3.868 -0.283 -3.867 -0.268 -3.865 -0.253 c
-3.865 0 l
h
f
Q
q 1 0 0 1 797.6765 790.2189 cm
0 0 m
-3.658 0 l
-3.649 1.441 l
-1.039 1.439 -0.324 1.439 v
-0.117 1.439 0.001 1.338 0.001 1.161 c
h
2.029 1.103 m
2.029 2.63 0.79 3.174 -0.369 3.174 c
-3.492 3.177 -4.895 3.178 v
-5.698 3.199 l
-5.698 -4.532 l
-3.658 -4.532 l
-3.658 -1.441 l
-0.003 -1.441 l
-0.003 -4.53 l
2.029 -4.53 l
2.029 -0.677 l
2.025 -0.677 l
2.028 0.14 2.029 0.842 2.029 1.103 c
f
Q
q 1 0 0 1 791.0307 787.412 cm
0 0 m
0 -1.734 l
-7.171 -1.734 l
-7.171 5.96 l
-6.083 5.96 l
-6.083 5.952 l
-0.068 5.952 l
-0.068 4.218 l
-4.949 4.218 l
-5.057 4.218 -5.143 4.144 -5.143 4.051 c
-5.143 2.881 l
-2.079 2.881 l
-2.079 1.502 l
-2.079 1.472 -2.104 1.449 -2.134 1.443 c
-2.139 1.443 -2.144 1.443 -2.149 1.443 c
-5.143 1.443 l
-5.143 0.14 l
-5.143 0.064 -5.069 0 -4.979 0 c
h
f
Q
q 1 0 0 1 824.5226 787.4586 cm
0 0 m
0 -1.735 l
-7.171 -1.735 l
-7.171 5.959 l
-6.083 5.959 l
-6.083 5.952 l
-0.068 5.952 l
-0.068 4.217 l
-4.949 4.217 l
-5.057 4.217 -5.143 4.143 -5.143 4.051 c
-5.143 2.881 l
-2.08 2.881 l
-2.08 1.501 l
-2.08 1.472 -2.105 1.449 -2.135 1.443 c
-2.139 1.442 -2.145 1.442 -2.149 1.442 c
-5.143 1.442 l
-5.143 0.14 l
-5.143 0.063 -5.07 0 -4.979 0 c
h
f
Q
q 1 0 0 1 778.9949 787.4481 cm
0 0 m
3.616 0 l
3.616 -1.812 l
-1.812 -1.812 l
-1.812 5.869 l
0 5.869 l
h
f
Q
777.178 785.636 2.018 7.736 re
f*
Q
1 1 1 rg
/GS1 gs
973.188 0 514.513 514.513 re
f
q
973.188 0 514.513 514.513 re
W n
0.961 0.961 0.961 rg
q 1 0 0 1 1654.3361 76.5195 cm
0 0 m
-6.107 -12.886 l
-10.662 -21.09 -16.198 -28.463 -22.448 -34.96 c
-28.451 -40.14 -34.577 -45.229 -40.78 -50.143 c
-41.647 -50.837 -42.523 -51.558 -43.41 -52.239 c
-140.843 -128.858 -261.382 -171.826 -385.339 -174.055 c
-385.542 -174.059 -385.744 -174.062 -385.934 -174.04 c
-439.781 -174.996 -494.223 -168.249 -547.689 -153.237 c
-547.933 -153.188 -548.165 -153.112 -548.396 -153.036 c
-549.728 -152.672 -551.02 -152.293 -552.339 -151.902 c
-552.461 -151.878 -552.556 -151.866 -552.665 -151.815 c
-581.382 -143.485 -609.825 -132.745 -637.698 -119.533 c
-647.008 -115.121 -656.146 -110.488 -665.113 -105.636 c
-665.265 -105.531 -665.428 -105.454 -665.591 -105.376 c
-695.475 -89.139 -723.38 -70.562 -749.14 -49.927 c
-749.222 -49.889 -749.29 -49.823 -749.359 -49.756 c
-759.008 -42.04 -768.353 -34.033 -777.406 -25.764 c
-762.371 -31.218 -747.162 -36.02 -731.804 -40.157 c
-731.654 -40.195 -731.532 -40.219 -731.41 -40.244 c
-695.176 -49.996 -658.061 -56.053 -620.349 -58.382 c
-620.131 -58.418 -619.902 -58.427 -619.699 -58.423 c
-616.654 -58.629 -613.623 -58.795 -610.58 -58.934 c
-610.377 -58.929 -610.16 -58.965 -609.958 -58.961 c
-609.66 -58.968 -609.403 -58.99 -609.106 -58.997 c
-577.211 -60.34 -545.049 -59.002 -513.267 -54.942 c
-513.08 -54.897 -512.904 -54.88 -512.729 -54.863 c
-511.408 -54.686 -510.128 -54.524 -508.834 -54.335 c
-508.699 -54.332 -508.592 -54.316 -508.471 -54.273 c
-505.506 -53.873 -502.528 -53.446 -499.578 -53.005 c
-463.719 -47.535 -428.203 -38.558 -393.972 -26.365 c
-359.767 -14.159 -326.62 1.39 -295.399 19.858 c
-263.869 38.481 -234.056 60.257 -206.796 84.548 c
-198.754 91.703 -190.941 99.098 -183.395 106.689 c
-182.48 107.56 -181.604 108.416 -180.746 109.313 c
-177.85 112.252 -174.982 115.204 -172.152 118.21 c
-140.938 146.813 -94.289 155.362 -53.757 136.146 c
-2.534 111.87 20.561 51.975 0 0 c
f
Q
0.878 0.878 0.878 rg
q 1 0 0 1 1736.7152 54.0452 cm
0 0 m
-6.212 -13.107 l
-10.852 -21.453 -16.474 -28.953 -22.839 -35.561 c
-28.946 -40.831 -35.168 -46.007 -41.485 -51.006 c
-42.361 -51.712 -43.257 -52.445 -44.162 -53.138 c
-143.273 -131.075 -265.879 -174.782 -391.971 -177.048 c
-392.178 -177.053 -392.383 -177.057 -392.577 -177.034 c
-447.349 -178.006 -502.727 -171.143 -557.113 -155.873 c
-557.362 -155.823 -557.597 -155.745 -557.833 -155.668 c
-559.187 -155.297 -560.501 -154.913 -561.843 -154.515 c
-561.968 -154.49 -562.064 -154.478 -562.175 -154.426 c
-591.385 -145.953 -620.318 -135.028 -648.671 -121.589 c
-658.141 -117.101 -667.436 -112.389 -676.557 -107.453 c
-676.711 -107.346 -676.877 -107.267 -677.044 -107.189 c
-707.441 -90.672 -735.826 -71.776 -762.029 -50.786 c
-762.112 -50.747 -762.183 -50.68 -762.252 -50.612 c
-772.068 -42.763 -781.573 -34.619 -790.781 -26.207 c
-775.489 -31.755 -760.017 -36.64 -744.395 -40.848 c
-744.243 -40.886 -744.119 -40.911 -743.995 -40.936 c
-707.137 -50.856 -669.384 -57.018 -631.023 -59.387 c
-630.802 -59.423 -630.568 -59.432 -630.362 -59.428 c
-627.264 -59.637 -624.182 -59.806 -621.086 -59.947 c
-620.879 -59.943 -620.659 -59.98 -620.453 -59.975 c
-620.151 -59.983 -619.888 -60.005 -619.586 -60.012 c
-587.143 -61.378 -554.427 -60.017 -522.1 -55.887 c
-521.908 -55.842 -521.73 -55.824 -521.552 -55.807 c
-520.208 -55.627 -518.906 -55.462 -517.59 -55.27 c
-517.453 -55.267 -517.343 -55.251 -517.22 -55.207 c
-514.205 -54.8 -511.176 -54.365 -508.174 -53.917 c
-471.698 -48.353 -435.572 -39.221 -400.752 -26.818 c
-365.959 -14.402 -332.242 1.414 -300.485 20.199 c
-268.413 39.143 -238.086 61.293 -210.359 86.002 c
-202.175 93.281 -194.228 100.802 -186.558 108.525 c
-185.625 109.41 -184.739 110.281 -183.862 111.192 c
-180.918 114.182 -177.993 117.186 -175.115 120.243 c
-143.368 149.339 -95.918 158.034 -54.681 138.487 c
-2.582 113.795 20.914 52.869 0 0 c
f
Q
0.961 0.961 0.961 rg
q 1 0 0 1 794.8438 444.6856 cm
0 0 m
6.108 12.886 l
10.666 21.09 16.2 28.463 22.456 34.96 c
28.455 40.141 34.578 45.229 40.786 50.143 c
41.65 50.837 42.526 51.558 43.417 52.239 c
140.851 128.858 261.385 171.826 385.343 174.054 c
385.546 174.059 385.748 174.062 385.938 174.04 c
439.785 174.996 494.227 168.249 547.693 153.237 c
547.937 153.188 548.168 153.111 548.4 153.035 c
549.732 152.671 551.024 152.293 552.343 151.902 c
552.465 151.877 552.56 151.866 552.669 151.815 c
581.389 143.485 609.83 132.745 637.699 119.534 c
647.008 115.12 656.145 110.489 665.121 105.636 c
665.264 105.531 665.435 105.453 665.597 105.376 c
695.477 89.138 723.385 70.563 749.139 49.928 c
749.225 49.889 749.291 49.822 749.368 49.756 c
759.01 42.039 768.357 34.033 777.409 25.764 c
762.373 31.219 747.167 36.021 731.807 40.157 c
731.655 40.195 731.541 40.219 731.417 40.243 c
695.182 49.995 658.061 56.053 620.349 58.382 c
620.139 58.418 619.901 58.427 619.701 58.423 c
616.661 58.629 613.632 58.795 610.583 58.934 c
610.382 58.93 610.163 58.965 609.963 58.961 c
609.668 58.968 609.411 58.99 609.106 58.997 c
577.215 60.34 545.053 59.002 513.272 54.941 c
513.083 54.898 512.908 54.88 512.733 54.862 c
511.412 54.686 510.132 54.524 508.839 54.334 c
508.703 54.332 508.596 54.316 508.475 54.273 c
505.51 53.873 502.532 53.445 499.582 53.005 c
463.723 47.534 428.207 38.558 393.976 26.365 c
359.771 14.159 326.624 -1.39 295.403 -19.858 c
263.874 -38.481 234.06 -60.257 206.8 -84.548 c
198.761 -91.703 190.943 -99.098 183.4 -106.689 c
182.485 -107.56 181.612 -108.416 180.752 -109.313 c
177.854 -112.252 174.984 -115.204 172.155 -118.21 c
140.944 -146.813 94.298 -155.362 53.757 -136.146 c
2.542 -111.87 -20.557 -51.975 0 0 c
f
Q
0.878 0.878 0.878 rg
q 1 0 0 1 757.7236 489.0842 cm
0 0 m
6.615 12.632 l
11.496 20.649 17.319 27.796 23.828 34.039 c
30.028 38.976 36.349 43.817 42.747 48.481 c
43.638 49.14 44.543 49.826 45.461 50.471 c
145.865 123.152 268.013 161.291 391.962 158.585 c
392.165 158.581 392.367 158.578 392.556 158.547 c
446.399 157.36 500.528 148.451 553.355 131.325 c
553.597 131.266 553.825 131.181 554.054 131.095 c
555.371 130.679 556.646 130.249 557.949 129.806 c
558.07 129.776 558.164 129.761 558.271 129.705 c
586.634 120.241 614.627 108.376 641.957 94.066 c
651.076 89.287 660.022 84.294 668.788 79.089 c
668.941 78.979 669.103 78.895 669.265 78.81 c
698.477 61.397 725.613 41.725 750.538 20.081 c
750.615 20.039 750.681 19.971 750.748 19.902 c
760.086 11.808 769.099 3.436 777.817 -5.187 c
763.011 0.861 748.004 6.265 732.826 11.009 c
732.673 11.052 732.559 11.081 732.435 11.111 c
696.62 22.297 659.775 29.826 622.187 33.654 c
621.968 33.699 621.739 33.717 621.539 33.721 c
618.499 34.047 615.479 34.334 612.444 34.593 c
612.241 34.597 612.026 34.642 611.823 34.646 c
611.527 34.665 611.271 34.697 610.973 34.716 c
579.157 37.327 546.968 37.269 515.05 34.477 c
514.86 34.44 514.685 34.43 514.509 34.419 c
513.182 34.295 511.896 34.185 510.597 34.046 c
510.461 34.049 510.353 34.038 510.231 34 c
507.252 33.718 504.26 33.409 501.294 33.086 c
465.246 29.047 429.402 21.49 394.712 10.668 c
360.049 -0.167 326.31 -14.384 294.378 -31.596 c
262.134 -48.949 231.477 -69.522 203.272 -92.709 c
194.954 -99.539 186.848 -106.617 179.008 -113.902 c
178.06 -114.735 177.153 -115.556 176.259 -116.417 c
173.246 -119.239 170.261 -122.075 167.315 -124.966 c
134.99 -152.304 88.041 -158.99 48.297 -138.176 c
-1.912 -111.883 -22.609 -51.116 0 0 c
f
Q
0.122 0.722 0.447 rg
q 1 0 0 1 1183.4818 292.7138 cm
0 0 m
-0.067 -0.136 -0.132 -0.276 -0.203 -0.413 c
-26.769 11.011 l
-26.707 11.171 -26.649 11.328 -26.596 11.489 c
-26.447 12.038 -26.265 12.569 -26.055 13.09 c
-23.877 18.443 -18.622 22.227 -12.495 22.227 c
-4.756 22.227 1.596 16.187 2.099 8.572 c
2.12 8.25 2.132 7.924 2.132 7.599 c
2.132 7.273 2.12 6.947 2.099 6.625 c
2.017 5.346 1.766 4.113 1.373 2.945 c
h
f
Q
0.008 0.922 0.412 rg
q 1 0 0 1 1185.5808 301.2862 cm
0 0 m
0 -1.948 l
-0.082 -3.226 -0.333 -4.459 -0.726 -5.627 c
-1.163 -6.617 -1.621 -7.602 -2.099 -8.572 c
-2.166 -8.709 -2.231 -8.849 -2.302 -8.985 c
-9.842 -24.136 -22.201 -36.488 -37.365 -44.012 c
-37.39 -44.024 -37.415 -44.036 -37.439 -44.044 c
-44.027 -47.311 -51.14 -49.663 -58.614 -50.938 c
-58.647 -50.945 -58.68 -50.95 -58.713 -50.954 c
-58.898 -50.987 -59.08 -51.016 -59.266 -51.044 c
-59.282 -51.049 -59.295 -51.053 -59.311 -51.053 c
-63.341 -51.705 -67.479 -52.043 -71.691 -52.043 c
-73.097 -52.043 -74.496 -52.006 -75.886 -51.931 c
-75.911 -51.928 -75.935 -51.928 -75.96 -51.928 c
-80.596 -51.671 -85.126 -51.012 -89.511 -49.973 c
-89.523 -49.973 -89.536 -49.968 -89.548 -49.964 c
-91.191 -49.576 -92.811 -49.135 -94.412 -48.644 c
-92.238 -48.438 -90.081 -48.14 -87.943 -47.752 c
-87.923 -47.749 -87.906 -47.745 -87.89 -47.74 c
-82.849 -46.824 -77.915 -45.402 -73.126 -43.483 c
-73.097 -43.475 -73.068 -43.463 -73.044 -43.451 c
-72.656 -43.298 -72.273 -43.141 -71.889 -42.98 c
-71.864 -42.967 -71.835 -42.959 -71.811 -42.948 c
-71.773 -42.93 -71.74 -42.918 -71.703 -42.902 c
-67.689 -41.202 -63.8 -39.156 -60.115 -36.796 c
-60.095 -36.78 -60.074 -36.768 -60.054 -36.755 c
-59.901 -36.656 -59.752 -36.561 -59.604 -36.463 c
-59.587 -36.454 -59.575 -36.446 -59.562 -36.433 c
-59.22 -36.21 -58.878 -35.983 -58.54 -35.757 c
-54.435 -32.985 -50.578 -29.8 -47.067 -26.293 c
-43.561 -22.787 -40.381 -18.93 -37.609 -14.826 c
-34.808 -10.685 -32.403 -6.254 -30.46 -1.663 c
-29.886 -0.31 -29.354 1.06 -28.868 2.438 c
-28.806 2.598 -28.748 2.756 -28.695 2.917 c
-28.509 3.448 -28.327 3.981 -28.154 4.517 c
-25.976 9.871 -20.721 13.655 -14.594 13.655 c
-6.855 13.655 -0.503 7.615 0 0 c
f
Q
q 1 0 0 1 1185.5808 213.6228 cm
0 0 m
0 -7.751 -6.303 -14.059 -14.054 -14.059 c
-15.148 -14.059 l
-18.501 -13.803 -21.62 -12.371 -24.025 -9.971 c
-25.415 -8.581 -26.479 -6.951 -27.176 -5.178 c
-27.176 -5.173 -27.181 -5.169 -27.181 -5.165 c
-27.358 -4.588 -27.539 -4.014 -27.733 -3.444 c
-27.733 -3.441 -27.733 -3.437 -27.737 -3.432 c
-28.369 -1.539 -29.074 0.333 -29.858 2.182 c
-31.801 6.773 -34.206 11.199 -37.007 15.345 c
-39.778 19.45 -42.959 23.306 -46.465 26.813 c
-47.885 28.232 -49.361 29.594 -50.887 30.901 c
-50.892 30.905 l
-51.044 31.037 -51.201 31.169 -51.354 31.301 c
-51.358 31.301 -51.362 31.305 v
-51.556 31.553 -51.667 31.866 -51.667 32.208 c
-51.667 32.815 -51.304 33.335 -50.784 33.566 c
-50.784 33.57 -50.781 33.566 v
-50.603 33.607 -50.425 33.653 -50.248 33.694 c
-46.242 34.671 -42.311 35.975 -38.479 37.592 c
-37.032 38.203 -35.604 38.859 -34.197 39.564 c
-34.193 39.568 -34.185 39.573 -34.177 39.577 c
-33.901 39.713 -33.616 39.853 -33.339 39.993 c
-33.335 39.993 l
-32.98 40.117 -32.596 40.182 -32.201 40.182 c
-31.747 40.182 -31.31 40.096 -30.91 39.939 c
-30.91 39.936 -30.905 39.936 y
-30.831 39.89 -30.761 39.844 -30.687 39.795 c
-30.678 39.791 -30.671 39.787 -30.658 39.779 c
-30.435 39.635 -30.212 39.494 -29.989 39.35 c
-29.986 39.345 -29.977 39.341 v
-29.911 39.3 -29.845 39.259 -29.779 39.213 c
-29.775 39.213 -29.771 39.21 y
-17.717 31.33 -7.982 20.184 -1.835 7.037 c
-1.831 7.037 -1.831 7.037 -1.835 7.034 c
-1.741 6.827 -1.645 6.625 -1.551 6.418 c
-1.546 6.41 -1.543 6.402 -1.539 6.393 c
-1.328 5.932 -1.121 5.465 -0.919 4.996 c
-0.912 4.978 -0.903 4.966 -0.899 4.95 c
-0.317 3.411 0 1.741 0 0 c
f
Q
q 1 0 0 1 1125.5763 244.1448 cm
0 0 m
-0.012 -0.083 -0.025 -0.161 -0.037 -0.239 c
-0.037 -0.248 l
-0.05 -0.338 -0.066 -0.43 -0.082 -0.52 c
-0.078 -0.524 -0.082 -0.524 y
-0.091 -0.602 -0.103 -0.673 -0.119 -0.751 c
-2.467 -15.07 -8.757 -28.08 -17.836 -38.628 c
-17.836 -38.632 -17.845 -38.636 y
-17.953 -38.769 -18.063 -38.896 -18.179 -39.024 c
-18.183 -39.029 l
-18.773 -39.709 -19.38 -40.377 -19.995 -41.037 c
-20.002 -41.046 -20.011 -41.053 -20.019 -41.062 c
-22.358 -43.174 -25.431 -44.494 -28.805 -44.581 c
-29.506 -44.581 l
-36.466 -44.403 -42.142 -38.992 -42.741 -32.148 c
-42.741 -29.334 l
-42.385 -26.294 -41.029 -23.481 -38.829 -21.282 c
-38.603 -21.055 -38.367 -20.837 -38.128 -20.634 c
-38.124 -20.626 -38.12 -20.621 -38.116 -20.626 c
-37.625 -20.258 -37.138 -19.888 -36.656 -19.512 c
-36.648 -19.504 l
-34.151 -17.553 -31.764 -15.445 -29.527 -13.205 c
-26.017 -9.699 -22.837 -5.842 -20.064 -1.737 c
-19.821 -1.374 -19.577 -1.011 -19.338 -0.644 c
-19.338 -0.639 -19.334 -0.636 -19.33 -0.627 c
-19.182 -0.396 -19.029 -0.17 -18.888 0.062 c
-18.885 0.066 -18.885 0.07 -18.881 0.07 c
-18.27 0.817 -17.358 1.303 -16.335 1.357 c
-16.166 1.341 -16.001 1.324 -15.832 1.307 c
-15.819 1.303 -15.807 1.303 -15.795 1.303 c
-15.646 1.291 -15.494 1.279 -15.345 1.266 c
-15.329 1.266 l
-13.113 1.077 -10.882 0.981 -8.638 0.981 c
-6.39 0.981 -4.158 1.077 -1.943 1.266 c
-1.934 1.266 l
-1.724 1.282 -1.509 1.303 -1.295 1.324 c
-0.61 1.241 -0.07 0.689 0 0 c
f
Q
0.698 0.941 0 rg
q 1 0 0 1 1111.9474 290.549 cm
0 0 m
0.002 -0.145 0 -0.29 -0.006 -0.435 c
-0.072 -2.059 -0.6 -3.628 -1.555 -4.988 c
-2.869 -6.86 -4.833 -8.109 -7.082 -8.508 c
-7.298 -8.546 -7.516 -8.571 -7.729 -8.592 c
-8.263 -8.646 -8.793 -8.649 -9.32 -8.602 c
-9.472 -8.575 -9.62 -8.545 -9.769 -8.509 c
-10.341 -8.388 -10.91 -8.246 -11.469 -8.086 c
-11.605 -8.054 -11.738 -8.013 -11.87 -7.973 c
-16.203 -6.709 -20.192 -4.499 -23.558 -1.551 c
-23.726 -1.405 -23.89 -1.261 -24.053 -1.111 c
-24.788 -0.438 -25.488 0.272 -26.159 1.013 c
-26.17 1.029 -26.183 1.044 -26.193 1.056 c
-27.643 2.877 -28.67 5.071 -29.099 7.515 c
-29.763 11.3 -28.912 15.116 -26.709 18.262 c
-25.842 19.501 -24.8 20.579 -23.629 21.463 c
-22.851 22.062 -22.01 22.569 -21.124 22.993 c
-21.072 23.015 -21.021 23.041 -20.973 23.062 c
-19.855 23.575 -18.661 23.952 -17.419 24.171 c
-17.056 24.232 -16.696 24.284 -16.335 24.32 c
-15.641 24.389 -14.947 24.409 -14.255 24.374 c
-14.21 24.375 -14.16 24.371 -14.11 24.368 c
-14.105 24.364 l
-11.458 24.221 -8.895 23.337 -6.672 21.78 c
-3.864 19.809 -1.889 16.967 -1.028 13.691 c
-1.027 13.686 l
-0.968 13.34 -0.914 13.001 -0.862 12.654 c
-0.854 12.609 -0.845 12.565 -0.845 12.519 c
-0.733 11.809 -0.636 11.097 -0.549 10.38 c
-0.548 10.372 -0.552 10.364 -0.546 10.355 c
-0.534 10.237 -0.518 10.114 -0.506 9.99 c
-0.501 9.987 -0.501 9.983 -0.505 9.979 c
-0.123 6.688 0.052 3.355 0 0 c
f
Q
0.008 0.922 0.412 rg
q 1 0 0 1 1246.0294 263.8697 cm
0 0 m
0 0.075 0 0.103 -0.006 0.178 c
8.07 6.451 13.293 15.82 13.293 26.257 c
13.293 30.357 l
13.293 30.421 13.241 30.471 13.171 30.471 c
-2.413 30.471 l
-2.478 30.471 -2.536 30.421 -2.536 30.357 c
-2.536 26.371 l
-2.536 15.594 -12.091 6.775 -23.766 6.775 c
-24.239 6.775 -24.631 7.131 -24.631 7.573 c
-24.631 30.357 l
-24.631 30.421 -24.683 30.471 -24.754 30.471 c
-40.344 30.471 l
-40.408 30.471 -40.466 30.421 -40.466 30.357 c
-40.466 -31.343 l
-40.466 -31.408 -40.408 -31.457 -40.344 -31.457 c
-24.754 -31.457 l
-24.683 -31.457 -24.631 -31.408 -24.631 -31.343 c
-24.631 -7.869 l
-24.631 -7.804 -24.572 -7.757 -24.508 -7.757 c
-22.253 -7.757 l
-10.571 -7.757 -1.017 -16.575 -1.017 -27.358 c
-1.017 -31.343 l
-1.017 -31.408 -0.958 -31.457 -0.894 -31.457 c
14.69 -31.457 l
14.761 -31.457 14.813 -31.408 14.813 -31.343 c
14.813 -27.244 l
14.813 -16.143 9.052 -6.197 0 0 c
f
Q
q 1 0 0 1 1321.8438 279.7738 cm
0 0 m
0 14.608 l
-53.746 14.608 l
-53.746 -23.608 l
-15.826 -23.608 l
-15.826 -26.994 l
-15.826 -30.132 -18.6 -32.689 -21.907 -32.689 c
-53.746 -32.689 l
-53.746 -47.302 l
-21.907 -47.302 l
-9.838 -47.302 0 -38.222 0 -26.994 c
0 -9.081 l
-37.914 -9.081 l
-37.914 0 l
h
f
Q
q 1 0 0 1 1346.468 247.0423 cm
0 0 m
31.584 0 l
31.584 -14.619 l
-15.838 -14.619 l
-15.838 47.325 l
0 47.325 l
h
f
Q
0.698 0.941 0 rg
q 1 0 0 1 1211.0121 224.1264 cm
0 0 m
0 0.01 0 0.013 -0.001 0.023 c
1.086 0.805 1.79 1.975 1.79 3.278 c
1.79 3.789 l
1.79 3.798 1.784 3.804 1.774 3.804 c
-0.325 3.804 l
-0.333 3.804 -0.342 3.798 -0.342 3.789 c
-0.342 3.292 l
-0.342 1.947 -1.628 0.846 -3.201 0.846 c
-3.264 0.846 -3.317 0.891 -3.317 0.946 c
-3.317 3.789 l
-3.317 3.798 -3.324 3.804 -3.333 3.804 c
-5.433 3.804 l
-5.442 3.804 -5.449 3.798 -5.449 3.789 c
-5.449 -3.912 l
-5.449 -3.92 -5.442 -3.926 -5.433 -3.926 c
-3.333 -3.926 l
-3.324 -3.926 -3.317 -3.92 -3.317 -3.912 c
-3.317 -0.982 l
-3.317 -0.974 -3.309 -0.968 -3.301 -0.968 c
-2.997 -0.968 l
-1.423 -0.968 -0.137 -2.069 -0.137 -3.415 c
-0.137 -3.912 l
-0.137 -3.92 -0.13 -3.926 -0.121 -3.926 c
1.978 -3.926 l
1.988 -3.926 1.995 -3.92 1.995 -3.912 c
1.995 -3.401 l
1.995 -2.015 1.219 -0.773 0 0 c
f
Q
q 1 0 0 1 1229.8508 226.1111 cm
0 0 m
0 1.819 l
-7.222 1.819 l
-7.222 -2.941 l
-2.127 -2.941 l
-2.127 -3.362 l
-2.127 -3.753 -2.5 -4.072 -2.944 -4.072 c
-7.222 -4.072 l
-7.222 -5.892 l
-2.944 -5.892 l
-1.323 -5.892 0 -4.761 0 -3.362 c
0 -1.132 l
-5.095 -1.132 l
-5.095 0 l
h
f
Q
q 1 0 0 1 1238.4661 227.467 cm
0 0 m
0 -6.784 l
0.002 -6.782 l
0.002 -7.248 l
-0.612 -7.248 l
-0.61 -7.247 l
-1.658 -7.247 l
-1.658 -7.248 l
-2.029 -7.248 l
-2.029 -6.782 l
-2.028 -6.784 l
-2.028 -4.066 l
-5.642 -4.066 l
-5.642 -6.786 l
-5.637 -6.782 l
-5.637 -7.248 l
-6.248 -7.248 l
-6.248 -7.247 l
-7.056 -7.247 l
-7.056 -7.248 l
-7.667 -7.248 l
-7.667 0.143 l
-7.667 0.148 -7.667 0.153 -7.666 0.159 c
-7.666 0.463 l
-5.635 0.463 l
-5.635 -0.003 l
-5.642 0.001 l
-5.642 -2.627 l
-2.028 -2.627 l
-2.028 0.463 l
0.003 0.463 l
0.003 -0.003 l
h
f
Q
q 1 0 0 1 1248.9049 227.9224 cm
0 0 m
0 -7.696 l
-1.976 -7.696 l
-1.976 -7.23 l
-1.975 -7.231 l
-1.975 -1.995 l
-3.763 -6.555 l
-3.834 -6.739 -4.048 -6.866 -4.291 -6.866 c
-5.195 -6.866 l
-5.439 -6.866 -5.654 -6.739 -5.727 -6.549 c
-7.513 -1.996 l
-7.513 -7.231 l
-7.512 -7.23 l
-7.512 -7.696 l
-9.488 -7.696 l
-9.488 0 l
-8.875 0 l
-8.878 -0.002 l
-7.558 0 l
-6.763 0 -6.064 -0.422 -5.821 -1.05 c
-4.745 -4.491 l
-3.666 -1.045 l
-3.424 -0.423 -2.725 0 -1.928 0 c
-0.611 -0.002 l
-0.614 0 l
h
f
Q
1249.853 220.219 2.027 7.711 re
f*
q 1 0 0 1 1258.0842 225.7014 cm
0 0 m
-0.181 -0.539 -0.753 -0.905 -1.405 -0.905 c
-3.228 -0.905 l
-3.228 0.487 l
-0.443 0.487 l
-0.147 0.487 0.083 0.245 0 0 c
2.104 -5.099 m
2.068 -4.215 1.62 -3 0.66 -2.15 c
0.494 -2.002 l
0.693 -1.888 l
1.591 -1.377 2.085 -0.583 2.085 0.347 c
2.085 1.381 1.15 2.222 -0.001 2.222 c
-4.642 2.229 l
-5.255 2.229 l
-5.255 2.023 l
-5.256 2.016 -5.256 2.008 -5.256 2.001 c
-5.256 -5.482 l
-3.228 -5.482 l
-3.228 -2.411 l
-2.253 -2.412 l
-0.774 -2.542 -0.016 -3.926 0.078 -5.243 c
0.078 -5.481 l
0.313 -5.481 l
0.324 -5.481 0.335 -5.482 0.347 -5.482 c
1.839 -5.481 l
1.848 -5.481 1.856 -5.481 1.866 -5.481 c
2.106 -5.481 l
2.106 -5.216 l
2.106 -5.178 2.105 -5.139 2.104 -5.099 c
f
Q
q 1 0 0 1 1219.652 224.741 cm
0 0 m
-3.658 0 l
-3.649 1.441 l
-1.038 1.439 -0.324 1.439 v
-0.117 1.439 0.001 1.338 0.001 1.161 c
h
2.029 1.103 m
2.029 2.63 0.79 3.174 -0.369 3.174 c
-3.492 3.177 -4.894 3.178 v
-5.698 3.199 l
-5.698 -4.532 l
-3.658 -4.532 l
-3.658 -1.441 l
-0.003 -1.441 l
-0.003 -4.53 l
2.029 -4.53 l
2.029 -0.676 l
2.025 -0.676 l
2.028 0.14 2.029 0.842 2.029 1.103 c
f
Q
q 1 0 0 1 1272.6583 226.1188 cm
0 0 m
0 1.82 l
-7.221 1.82 l
-7.221 -2.94 l
-2.127 -2.94 l
-2.127 -3.361 l
-2.127 -3.753 -2.499 -4.071 -2.944 -4.071 c
-7.221 -4.071 l
-7.221 -5.891 l
-2.944 -5.891 l
-1.322 -5.891 0 -4.76 0 -3.361 c
0 -1.131 l
-5.095 -1.131 l
-5.095 0 l
h
f
Q
q 1 0 0 1 1315.9697 227.8948 cm
0 0 m
0 -7.695 l
-1.976 -7.695 l
-1.976 -7.229 l
-1.975 -7.23 l
-1.975 -1.994 l
-3.763 -6.555 l
-3.834 -6.738 -4.048 -6.865 -4.291 -6.865 c
-5.195 -6.865 l
-5.44 -6.865 -5.654 -6.738 -5.727 -6.548 c
-7.513 -1.996 l
-7.513 -7.23 l
-7.512 -7.229 l
-7.512 -7.695 l
-9.488 -7.695 l
-9.488 0 l
-8.875 0 l
-8.878 -0.002 l
-7.559 0 l
-6.763 0 -6.064 -0.421 -5.821 -1.049 c
-4.745 -4.49 l
-3.666 -1.044 l
-3.424 -0.422 -2.725 0 -1.928 0 c
-0.612 -0.002 l
-0.614 0 l
h
f
Q
q 1 0 0 1 1295.3007 225.6824 cm
0 0 m
-0.182 -0.539 -0.754 -0.905 -1.406 -0.905 c
-3.229 -0.905 l
-3.229 0.487 l
-0.444 0.487 l
-0.147 0.487 0.083 0.245 0 0 c
2.103 -5.099 m
2.067 -4.215 1.62 -3 0.659 -2.15 c
0.494 -2.002 l
0.693 -1.887 l
1.59 -1.377 2.085 -0.582 2.085 0.347 c
2.085 1.381 1.149 2.222 -0.002 2.222 c
-4.643 2.229 l
-5.255 2.229 l
-5.255 2.023 l
-5.257 2.016 -5.257 2.009 -5.257 2.001 c
-5.257 -5.482 l
-3.229 -5.482 l
-3.229 -2.411 l
-2.253 -2.412 l
-0.775 -2.542 -0.017 -3.926 0.078 -5.243 c
0.078 -5.48 l
0.313 -5.48 l
0.324 -5.481 0.334 -5.482 0.346 -5.482 c
1.839 -5.481 l
1.848 -5.481 1.856 -5.481 1.866 -5.48 c
2.106 -5.48 l
2.106 -5.216 l
2.106 -5.178 2.105 -5.139 2.103 -5.099 c
f
Q
q 1 0 0 1 1280.922 222.5839 cm
0 0 m
-0.019 -1.391 -1.339 -2.439 -3.068 -2.439 c
-4.246 -2.439 l
-5.94 -2.439 -7.318 -1.348 -7.318 -0.005 c
-7.318 5.346 l
-5.291 5.346 l
-5.291 5.057 l
-5.29 5.053 -5.29 5.048 -5.29 5.043 c
-5.29 -0.005 l
-5.29 -0.385 -4.813 -0.705 -4.246 -0.705 c
-3.17 -0.706 -3.074 -0.705 v
-2.565 -0.702 -2.025 -0.503 -2.028 0.045 c
-2.033 0.892 -2.037 3.657 -2.038 4.79 c
-2.038 5.346 l
-0.01 5.346 l
-0.01 5.049 l
-0.008 4.637 0.012 0.993 0 0 c
f
Q
q 1 0 0 1 1287.0161 225.7195 cm
0 0 m
-0.175 -0.549 -0.752 -0.922 -1.411 -0.922 c
-3.115 -0.922 l
-3.115 0.47 l
-0.43 0.47 l
-0.143 0.47 0.076 0.237 0 0 c
-0.006 2.205 m
-4.238 2.21 l
-5.142 2.21 l
-5.142 -5.5 l
-3.115 -5.5 l
-3.115 -2.428 l
-1.411 -2.428 l
0.579 -2.428 2.08 -1.242 2.08 0.33 c
2.08 1.363 1.143 2.205 -0.006 2.205 c
f
Q
q 1 0 0 1 1305.5251 221.935 cm
0 0 m
0 -1.735 l
-7.171 -1.735 l
-7.171 5.959 l
-6.084 5.959 l
-6.084 5.952 l
-0.068 5.952 l
-0.068 4.217 l
-4.949 4.217 l
-5.057 4.217 -5.144 4.143 -5.144 4.051 c
-5.144 2.881 l
-2.08 2.881 l
-2.08 1.501 l
-2.08 1.472 -2.105 1.449 -2.135 1.443 c
-2.14 1.442 -2.145 1.442 -2.15 1.442 c
-5.144 1.442 l
-5.144 0.14 l
-5.144 0.063 -5.07 0 -4.979 0 c
h
f
Q
q 1 0 0 1 1324.0886 221.935 cm
0 0 m
0 -1.735 l
-7.171 -1.735 l
-7.171 5.959 l
-0.069 5.952 l
-0.069 4.217 l
-4.949 4.217 l
-5.057 4.217 -5.144 4.143 -5.144 4.051 c
-5.144 2.881 l
-2.08 2.881 l
-2.08 1.501 l
-2.08 1.472 -2.105 1.449 -2.135 1.443 c
-2.14 1.442 -2.145 1.442 -2.15 1.442 c
-5.144 1.442 l
-5.144 0.14 l
-5.144 0.063 -5.07 0 -4.979 0 c
h
f
Q
q 1 0 0 1 1369.9298 222.5772 cm
0 0 m
-0.019 -1.391 -1.338 -2.44 -3.068 -2.44 c
-4.246 -2.44 l
-5.94 -2.44 -7.318 -1.348 -7.318 -0.006 c
-7.318 5.346 l
-5.291 5.346 l
-5.291 5.057 l
-5.29 5.053 -5.29 5.048 -5.29 5.042 c
-5.29 -0.006 l
-5.29 -0.385 -4.813 -0.705 -4.246 -0.705 c
-3.17 -0.707 -3.073 -0.705 v
-2.565 -0.702 -2.024 -0.503 -2.028 0.045 c
-2.033 0.891 -2.037 3.656 -2.038 4.789 c
-2.038 5.346 l
-0.01 5.346 l
-0.01 5.048 l
-0.008 4.636 0.012 0.992 0 0 c
f
Q
q 1 0 0 1 1361.6642 224.7524 cm
0 0 m
0 -0.585 l
0 -1.181 -0.001 -2.302 y
-0.001 -2.847 -0.225 -4.622 -3.095 -4.622 c
-4.347 -4.621 l
-6.074 -4.621 -7.481 -3.574 -7.481 -2.286 c
-7.481 0.841 l
-7.481 2.13 -6.074 3.178 -4.347 3.178 c
-3.147 3.178 l
-1.259 3.178 -0.097 2.417 -0.037 1.144 c
-0.036 1.115 -0.037 1.084 -0.04 1.058 c
-0.04 0.779 l
-2.058 0.779 l
-2.058 0.952 l
-2.076 1.408 -2.383 1.446 -2.754 1.446 c
-4.347 1.443 l
-4.648 1.443 -5.453 1.443 -5.453 0.613 c
-5.453 -2.057 l
-5.453 -2.887 -4.62 -2.887 -4.347 -2.887 c
-3.099 -2.888 l
-2.923 -2.89 l
-2.123 -2.89 -2.024 -2.661 -2.024 -1.863 c
-2.024 -1.687 -2.189 -1.546 -2.391 -1.546 c
-3.868 -1.546 l
-3.868 -0.297 l
-3.868 -0.283 -3.867 -0.268 -3.864 -0.253 c
-3.864 0 l
h
f
Q
q 1 0 0 1 1351.2063 224.7315 cm
0 0 m
-3.658 0 l
-3.648 1.441 l
-1.039 1.439 -0.324 1.439 v
-0.117 1.439 0.001 1.338 0.001 1.161 c
h
2.028 1.103 m
2.028 2.63 0.79 3.174 -0.369 3.174 c
-3.492 3.177 -4.894 3.178 v
-5.697 3.199 l
-5.697 -4.532 l
-3.658 -4.532 l
-3.658 -1.441 l
-0.002 -1.441 l
-0.002 -4.53 l
2.028 -4.53 l
2.028 -0.676 l
2.025 -0.676 l
2.027 0.14 2.028 0.842 2.028 1.103 c
f
Q
q 1 0 0 1 1344.5614 221.9245 cm
0 0 m
0 -1.734 l
-7.171 -1.734 l
-7.171 5.96 l
-6.084 5.96 l
-6.084 5.952 l
-0.069 5.952 l
-0.069 4.218 l
-4.949 4.218 l
-5.057 4.218 -5.144 4.144 -5.144 4.051 c
-5.144 2.881 l
-2.08 2.881 l
-2.08 1.502 l
-2.08 1.472 -2.105 1.449 -2.135 1.443 c
-2.14 1.443 -2.145 1.443 -2.15 1.443 c
-5.144 1.443 l
-5.144 0.14 l
-5.144 0.064 -5.07 0 -4.979 0 c
h
f
Q
q 1 0 0 1 1378.0524 221.9712 cm
0 0 m
0 -1.735 l
-7.17 -1.735 l
-7.17 5.959 l
-6.083 5.959 l
-6.083 5.952 l
-0.067 5.952 l
-0.067 4.217 l
-4.945 4.217 l
-5.059 4.217 -5.145 4.143 -5.145 4.051 c
-5.145 2.881 l
-2.077 2.881 l
-2.077 1.501 l
-2.077 1.472 -2.106 1.449 -2.134 1.443 c
-2.144 1.442 -2.144 1.442 -2.153 1.442 c
-5.145 1.442 l
-5.145 0.14 l
-5.145 0.063 -5.069 0 -4.983 0 c
h
f
Q
q 1 0 0 1 1332.5247 221.9607 cm
0 0 m
3.616 0 l
3.616 -1.812 l
-1.812 -1.812 l
-1.812 5.869 l
0 5.869 l
h
f
Q
1330.708 220.148 2.018 7.736 re
f*
Q
q
419.611 514.513 m
419.611 514.512 l
419.611 0 l
419.612 0 l
934.123 0 l
934.124 0.001 l
934.124 514.513 l
934.122 514.513 l
h
W n
q
0 g
899.4442139 -115.6633759 115.6633759 899.4442139 252.9571228 311.7686462 cm
BX /Sh3 sh EX Q
Q
q
419.611 0 514.513 514.513 re
W n
0.008 0.906 0.408 rg
q 1 0 0 1 1100.7625 76.5195 cm
0 0 m
-6.108 -12.886 l
-10.666 -21.09 -16.199 -28.463 -22.456 -34.96 c
-28.454 -40.14 -34.578 -45.229 -40.786 -50.143 c
-41.65 -50.837 -42.526 -51.558 -43.417 -52.239 c
-140.851 -128.858 -261.385 -171.826 -385.343 -174.055 c
-385.546 -174.059 -385.748 -174.062 -385.938 -174.04 c
-439.785 -174.996 -494.226 -168.249 -547.693 -153.237 c
-547.937 -153.188 -548.168 -153.112 -548.4 -153.036 c
-549.732 -152.672 -551.024 -152.293 -552.343 -151.902 c
-552.464 -151.878 -552.56 -151.866 -552.668 -151.815 c
-581.386 -143.485 -609.829 -132.745 -637.702 -119.533 c
-647.012 -115.121 -656.15 -110.488 -665.117 -105.636 c
-665.268 -105.531 -665.432 -105.454 -665.596 -105.376 c
-695.479 -89.139 -723.384 -70.562 -749.143 -49.927 c
-749.225 -49.889 -749.294 -49.823 -749.363 -49.756 c
-759.012 -42.04 -768.357 -34.033 -777.409 -25.764 c
-762.375 -31.218 -747.165 -36.02 -731.807 -40.157 c
-731.658 -40.195 -731.536 -40.219 -731.414 -40.244 c
-695.18 -49.996 -658.065 -56.053 -620.352 -58.382 c
-620.135 -58.418 -619.905 -58.427 -619.703 -58.423 c
-616.658 -58.629 -613.627 -58.795 -610.583 -58.934 c
-610.381 -58.929 -610.164 -58.965 -609.961 -58.961 c
-609.664 -58.968 -609.406 -58.99 -609.109 -58.997 c
-577.214 -60.34 -545.053 -59.002 -513.271 -54.942 c
-513.083 -54.897 -512.908 -54.88 -512.733 -54.863 c
-511.412 -54.686 -510.132 -54.524 -508.838 -54.335 c
-508.703 -54.332 -508.596 -54.316 -508.475 -54.273 c
-505.51 -53.873 -502.532 -53.446 -499.582 -53.005 c
-463.723 -47.535 -428.207 -38.558 -393.976 -26.365 c
-359.771 -14.159 -326.624 1.39 -295.403 19.858 c
-263.874 38.481 -234.06 60.257 -206.8 84.548 c
-198.761 91.703 -190.943 99.098 -183.399 106.689 c
-182.485 107.56 -181.611 108.416 -180.752 109.313 c
-177.854 112.252 -174.984 115.204 -172.155 118.21 c
-140.944 146.813 -94.298 155.362 -53.757 136.146 c
-2.541 111.87 20.557 51.975 0 0 c
f
Q
0.008 0.824 0.373 rg
q 1 0 0 1 1183.1378 54.0452 cm
0 0 m
-6.213 -13.107 l
-10.849 -21.453 -16.479 -28.953 -22.841 -35.561 c
-28.944 -40.831 -35.173 -46.007 -41.487 -51.006 c
-42.365 -51.712 -43.257 -52.445 -44.164 -53.138 c
-143.274 -131.075 -265.881 -174.782 -391.971 -177.048 c
-392.178 -177.053 -392.383 -177.057 -392.577 -177.034 c
-447.35 -178.006 -502.727 -171.143 -557.113 -155.873 c
-557.362 -155.823 -557.597 -155.745 -557.833 -155.668 c
-559.187 -155.297 -560.501 -154.913 -561.843 -154.515 c
-561.968 -154.49 -562.064 -154.478 -562.175 -154.426 c
-591.385 -145.953 -620.318 -135.028 -648.671 -121.589 c
-658.141 -117.101 -667.436 -112.389 -676.558 -107.453 c
-676.711 -107.346 -676.878 -107.267 -677.044 -107.189 c
-707.442 -90.672 -735.827 -71.776 -762.029 -50.786 c
-762.112 -50.747 -762.182 -50.68 -762.253 -50.612 c
-772.068 -42.763 -781.573 -34.619 -790.781 -26.207 c
-775.488 -31.755 -760.017 -36.64 -744.395 -40.848 c
-744.243 -40.886 -744.119 -40.911 -743.994 -40.936 c
-707.138 -50.856 -669.384 -57.018 -631.023 -59.387 c
-630.802 -59.423 -630.568 -59.432 -630.362 -59.428 c
-627.264 -59.637 -624.182 -59.806 -621.086 -59.947 c
-620.879 -59.943 -620.659 -59.98 -620.453 -59.975 c
-620.151 -59.983 -619.888 -60.005 -619.586 -60.012 c
-587.143 -61.378 -554.427 -60.017 -522.1 -55.887 c
-521.908 -55.842 -521.73 -55.824 -521.552 -55.807 c
-520.208 -55.627 -518.906 -55.462 -517.59 -55.27 c
-517.453 -55.267 -517.343 -55.251 -517.22 -55.207 c
-514.205 -54.8 -511.176 -54.365 -508.174 -53.917 c
-471.698 -48.353 -435.572 -39.221 -400.752 -26.818 c
-365.959 -14.402 -332.242 1.414 -300.484 20.199 c
-268.413 39.143 -238.086 61.293 -210.357 86.002 c
-202.18 93.281 -194.228 100.802 -186.554 108.525 c
-185.624 109.41 -184.735 110.281 -183.861 111.192 c
-180.913 114.182 -177.994 117.186 -175.116 120.243 c
-143.368 149.339 -95.919 158.034 -54.681 138.487 c
-2.585 113.795 20.91 52.869 0 0 c
f
Q
0.008 0.906 0.408 rg
q 1 0 0 1 241.2664 444.6856 cm
0 0 m
6.108 12.886 l
10.666 21.09 16.2 28.463 22.456 34.96 c
28.455 40.141 34.578 45.229 40.786 50.143 c
41.65 50.837 42.526 51.558 43.417 52.239 c
140.851 128.858 261.385 171.826 385.343 174.054 c
385.546 174.059 385.748 174.062 385.938 174.04 c
439.785 174.996 494.226 168.249 547.693 153.237 c
547.937 153.188 548.168 153.111 548.4 153.035 c
549.732 152.671 551.024 152.293 552.343 151.902 c
552.465 151.877 552.56 151.866 552.669 151.815 c
581.386 143.485 609.829 132.745 637.702 119.534 c
647.012 115.12 656.15 110.489 665.117 105.636 c
665.269 105.531 665.432 105.453 665.596 105.376 c
695.479 89.138 723.385 70.563 749.144 49.928 c
749.226 49.889 749.294 49.822 749.363 49.756 c
759.013 42.039 768.357 34.033 777.409 25.764 c
762.375 31.219 747.166 36.021 731.807 40.157 c
731.658 40.195 731.536 40.219 731.414 40.243 c
695.18 49.995 658.065 56.053 620.353 58.382 c
620.135 58.418 619.906 58.427 619.703 58.423 c
616.658 58.629 613.627 58.795 610.583 58.934 c
610.38 58.93 610.164 58.965 609.961 58.961 c
609.664 58.968 609.407 58.99 609.109 58.997 c
577.214 60.34 545.053 59.002 513.272 54.941 c
513.083 54.898 512.908 54.88 512.733 54.862 c
511.412 54.686 510.132 54.524 508.839 54.334 c
508.703 54.332 508.596 54.316 508.475 54.273 c
505.51 53.873 502.532 53.445 499.582 53.005 c
463.723 47.534 428.207 38.558 393.976 26.365 c
359.771 14.159 326.624 -1.39 295.403 -19.858 c
263.874 -38.481 234.061 -60.257 206.8 -84.548 c
198.761 -91.703 190.943 -99.098 183.4 -106.689 c
182.485 -107.56 181.611 -108.416 180.752 -109.313 c
177.854 -112.252 174.984 -115.204 172.155 -118.21 c
140.944 -146.813 94.298 -155.362 53.757 -136.146 c
2.542 -111.87 -20.557 -51.975 0 0 c
f
Q
0.008 0.824 0.373 rg
q 1 0 0 1 204.1462 489.0842 cm
0 0 m
6.615 12.632 l
11.496 20.649 17.319 27.796 23.828 34.039 c
30.028 38.976 36.349 43.817 42.747 48.481 c
43.638 49.14 44.543 49.826 45.461 50.471 c
145.866 123.152 268.014 161.291 391.962 158.585 c
392.165 158.581 392.367 158.578 392.556 158.547 c
446.399 157.36 500.528 148.451 553.355 131.325 c
553.597 131.266 553.825 131.181 554.054 131.095 c
555.371 130.679 556.646 130.249 557.949 129.806 c
558.07 129.776 558.164 129.761 558.271 129.705 c
586.634 120.241 614.627 108.376 641.953 94.066 c
651.079 89.287 660.026 84.294 668.793 79.089 c
668.94 78.979 669.1 78.895 669.261 78.81 c
698.474 61.397 725.618 41.725 750.536 20.081 c
750.616 20.039 750.682 19.971 750.749 19.902 c
760.083 11.808 769.102 3.436 777.818 -5.187 c
763.013 0.861 748.006 6.265 732.825 11.009 c
732.677 11.052 732.556 11.081 732.435 11.111 c
696.619 22.297 659.773 29.826 622.183 33.654 c
621.968 33.699 621.738 33.717 621.536 33.721 c
618.501 34.047 615.48 34.334 612.444 34.593 c
612.241 34.597 612.026 34.642 611.823 34.646 c
611.527 34.665 611.271 34.697 610.973 34.716 c
579.157 37.327 546.968 37.269 515.05 34.477 c
514.86 34.44 514.685 34.43 514.509 34.419 c
513.182 34.295 511.896 34.185 510.597 34.046 c
510.461 34.049 510.353 34.038 510.231 34 c
507.252 33.718 504.26 33.409 501.294 33.086 c
465.246 29.047 429.402 21.49 394.712 10.668 c
360.049 -0.167 326.31 -14.384 294.378 -31.596 c
262.133 -48.949 231.477 -69.522 203.271 -92.709 c
194.954 -99.539 186.848 -106.617 179.009 -113.902 c
178.061 -114.735 177.153 -115.556 176.259 -116.417 c
173.246 -119.239 170.26 -122.075 167.314 -124.966 c
134.99 -152.304 88.041 -158.99 48.297 -138.176 c
-1.912 -111.883 -22.609 -51.116 0 0 c
f
Q
0.004 0.075 0.235 rg
q 1 0 0 1 629.9044 292.7138 cm
0 0 m
-0.067 -0.136 -0.132 -0.276 -0.203 -0.413 c
-26.769 11.011 l
-26.707 11.171 -26.649 11.328 -26.596 11.489 c
-26.447 12.038 -26.265 12.569 -26.055 13.09 c
-23.877 18.443 -18.622 22.227 -12.495 22.227 c
-4.756 22.227 1.596 16.187 2.099 8.572 c
2.12 8.25 2.132 7.924 2.132 7.599 c
2.132 7.273 2.12 6.947 2.099 6.625 c
2.017 5.346 1.766 4.113 1.373 2.945 c
h
f
Q
q 1 0 0 1 632.0034 301.2862 cm
0 0 m
0 -1.948 l
-0.082 -3.226 -0.333 -4.459 -0.726 -5.627 c
-1.163 -6.617 -1.621 -7.602 -2.099 -8.572 c
-2.166 -8.709 -2.231 -8.849 -2.302 -8.985 c
-9.842 -24.136 -22.201 -36.488 -37.365 -44.012 c
-37.39 -44.024 -37.415 -44.036 -37.439 -44.044 c
-44.027 -47.311 -51.14 -49.663 -58.614 -50.938 c
-58.647 -50.945 -58.68 -50.95 -58.713 -50.954 c
-58.898 -50.987 -59.08 -51.016 -59.266 -51.044 c
-59.282 -51.049 -59.295 -51.053 -59.311 -51.053 c
-63.341 -51.705 -67.479 -52.043 -71.691 -52.043 c
-73.097 -52.043 -74.496 -52.006 -75.886 -51.931 c
-75.911 -51.928 -75.935 -51.928 -75.96 -51.928 c
-80.596 -51.671 -85.126 -51.012 -89.511 -49.973 c
-89.523 -49.973 -89.536 -49.968 -89.548 -49.964 c
-91.191 -49.576 -92.811 -49.135 -94.412 -48.644 c
-92.238 -48.438 -90.081 -48.14 -87.944 -47.752 c
-87.924 -47.749 -87.906 -47.745 -87.89 -47.74 c
-82.849 -46.824 -77.915 -45.402 -73.127 -43.483 c
-73.097 -43.475 -73.068 -43.463 -73.044 -43.451 c
-72.656 -43.298 -72.273 -43.141 -71.889 -42.98 c
-71.864 -42.967 -71.835 -42.959 -71.811 -42.948 c
-71.774 -42.93 -71.74 -42.918 -71.703 -42.902 c
-67.689 -41.202 -63.8 -39.156 -60.115 -36.796 c
-60.095 -36.78 -60.074 -36.768 -60.054 -36.755 c
-59.901 -36.656 -59.752 -36.561 -59.604 -36.463 c
-59.587 -36.454 -59.575 -36.446 -59.562 -36.433 c
-59.22 -36.21 -58.878 -35.983 -58.54 -35.757 c
-54.435 -32.985 -50.578 -29.8 -47.067 -26.293 c
-43.561 -22.787 -40.381 -18.93 -37.609 -14.826 c
-34.808 -10.685 -32.403 -6.254 -30.46 -1.663 c
-29.886 -0.31 -29.354 1.06 -28.868 2.438 c
-28.806 2.598 -28.748 2.756 -28.695 2.917 c
-28.509 3.448 -28.327 3.981 -28.154 4.517 c
-25.976 9.871 -20.721 13.655 -14.594 13.655 c
-6.855 13.655 -0.503 7.615 0 0 c
f
Q
q 1 0 0 1 632.0034 213.6228 cm
0 0 m
0 -7.751 -6.303 -14.059 -14.054 -14.059 c
-15.148 -14.059 l
-18.501 -13.803 -21.62 -12.371 -24.025 -9.971 c
-25.415 -8.581 -26.479 -6.951 -27.176 -5.178 c
-27.176 -5.173 -27.181 -5.169 -27.181 -5.165 c
-27.358 -4.588 -27.539 -4.014 -27.733 -3.444 c
-27.733 -3.441 -27.733 -3.437 -27.737 -3.432 c
-28.369 -1.539 -29.074 0.333 -29.858 2.182 c
-31.801 6.773 -34.206 11.199 -37.007 15.345 c
-39.779 19.45 -42.959 23.306 -46.465 26.813 c
-47.885 28.232 -49.361 29.594 -50.887 30.901 c
-50.892 30.905 l
-51.044 31.037 -51.201 31.169 -51.354 31.301 c
-51.358 31.301 -51.362 31.305 v
-51.556 31.553 -51.668 31.866 -51.668 32.208 c
-51.668 32.815 -51.305 33.335 -50.784 33.566 c
-50.784 33.57 -50.78 33.566 v
-50.603 33.607 -50.425 33.653 -50.248 33.694 c
-46.242 34.671 -42.311 35.975 -38.479 37.592 c
-37.032 38.203 -35.604 38.859 -34.197 39.564 c
-34.193 39.568 -34.185 39.573 -34.177 39.577 c
-33.901 39.713 -33.616 39.853 -33.339 39.993 c
-33.335 39.993 l
-32.98 40.117 -32.596 40.182 -32.201 40.182 c
-31.747 40.182 -31.31 40.096 -30.91 39.939 c
-30.91 39.936 -30.905 39.936 y
-30.831 39.89 -30.761 39.844 -30.687 39.795 c
-30.678 39.791 -30.671 39.787 -30.658 39.779 c
-30.435 39.635 -30.212 39.494 -29.989 39.35 c
-29.986 39.345 -29.977 39.341 v
-29.911 39.3 -29.846 39.259 -29.779 39.213 c
-29.775 39.213 -29.771 39.21 y
-17.717 31.33 -7.982 20.184 -1.835 7.037 c
-1.831 7.037 -1.831 7.037 -1.835 7.034 c
-1.741 6.827 -1.646 6.625 -1.551 6.418 c
-1.546 6.41 -1.543 6.402 -1.539 6.393 c
-1.328 5.932 -1.121 5.465 -0.919 4.996 c
-0.912 4.978 -0.903 4.966 -0.899 4.95 c
-0.317 3.411 0 1.741 0 0 c
f
Q
q 1 0 0 1 571.9989 244.1448 cm
0 0 m
-0.012 -0.083 -0.025 -0.161 -0.037 -0.239 c
-0.037 -0.248 l
-0.05 -0.338 -0.066 -0.43 -0.082 -0.52 c
-0.078 -0.524 -0.082 -0.524 y
-0.091 -0.602 -0.103 -0.673 -0.119 -0.751 c
-2.467 -15.07 -8.757 -28.08 -17.836 -38.628 c
-17.836 -38.632 -17.845 -38.636 y
-17.953 -38.769 -18.063 -38.896 -18.179 -39.024 c
-18.183 -39.029 l
-18.773 -39.709 -19.38 -40.377 -19.995 -41.037 c
-20.002 -41.046 -20.011 -41.053 -20.019 -41.062 c
-22.357 -43.174 -25.431 -44.494 -28.805 -44.581 c
-29.506 -44.581 l
-36.466 -44.403 -42.142 -38.992 -42.741 -32.148 c
-42.741 -29.334 l
-42.385 -26.294 -41.029 -23.481 -38.83 -21.282 c
-38.603 -21.055 -38.367 -20.837 -38.128 -20.634 c
-38.124 -20.626 -38.12 -20.621 -38.116 -20.626 c
-37.625 -20.258 -37.138 -19.888 -36.656 -19.512 c
-36.648 -19.504 l
-34.151 -17.553 -31.764 -15.445 -29.527 -13.205 c
-26.017 -9.699 -22.837 -5.842 -20.064 -1.737 c
-19.821 -1.374 -19.577 -1.011 -19.338 -0.644 c
-19.338 -0.639 -19.334 -0.636 -19.33 -0.627 c
-19.182 -0.396 -19.029 -0.17 -18.888 0.062 c
-18.885 0.066 -18.885 0.07 -18.881 0.07 c
-18.27 0.817 -17.358 1.303 -16.335 1.357 c
-16.166 1.341 -16.001 1.324 -15.832 1.307 c
-15.819 1.303 -15.807 1.303 -15.795 1.303 c
-15.646 1.291 -15.494 1.279 -15.345 1.266 c
-15.329 1.266 l
-13.113 1.077 -10.882 0.981 -8.638 0.981 c
-6.39 0.981 -4.158 1.077 -1.943 1.266 c
-1.934 1.266 l
-1.724 1.282 -1.509 1.303 -1.295 1.324 c
-0.61 1.241 -0.07 0.689 0 0 c
f
Q
q 1 0 0 1 558.37 290.549 cm
0 0 m
0.002 -0.145 0 -0.29 -0.006 -0.435 c
-0.072 -2.059 -0.6 -3.628 -1.555 -4.988 c
-2.869 -6.86 -4.834 -8.109 -7.082 -8.508 c
-7.298 -8.546 -7.516 -8.571 -7.729 -8.592 c
-8.263 -8.646 -8.793 -8.649 -9.32 -8.602 c
-9.472 -8.575 -9.62 -8.545 -9.769 -8.509 c
-10.341 -8.388 -10.91 -8.246 -11.469 -8.086 c
-11.605 -8.054 -11.738 -8.013 -11.87 -7.973 c
-16.203 -6.709 -20.192 -4.499 -23.558 -1.551 c
-23.726 -1.405 -23.89 -1.261 -24.053 -1.111 c
-24.788 -0.438 -25.488 0.272 -26.159 1.013 c
-26.17 1.029 -26.183 1.044 -26.193 1.056 c
-27.643 2.877 -28.67 5.071 -29.099 7.515 c
-29.763 11.3 -28.912 15.116 -26.709 18.262 c
-25.842 19.501 -24.8 20.579 -23.628 21.463 c
-22.851 22.062 -22.01 22.569 -21.124 22.993 c
-21.072 23.015 -21.021 23.041 -20.973 23.062 c
-19.855 23.575 -18.662 23.952 -17.419 24.171 c
-17.056 24.232 -16.696 24.284 -16.335 24.32 c
-15.641 24.389 -14.947 24.409 -14.255 24.374 c
-14.21 24.375 -14.16 24.371 -14.11 24.368 c
-14.105 24.364 l
-11.458 24.221 -8.895 23.337 -6.672 21.78 c
-3.864 19.809 -1.889 16.967 -1.028 13.691 c
-1.027 13.686 l
-0.968 13.34 -0.914 13.001 -0.862 12.654 c
-0.854 12.609 -0.845 12.565 -0.845 12.519 c
-0.733 11.809 -0.636 11.097 -0.549 10.38 c
-0.548 10.372 -0.552 10.364 -0.546 10.355 c
-0.534 10.237 -0.518 10.114 -0.506 9.99 c
-0.501 9.987 -0.501 9.983 -0.505 9.979 c
-0.123 6.688 0.051 3.355 0 0 c
f
Q
q 1 0 0 1 692.452 263.8697 cm
0 0 m
0 0.075 0 0.103 -0.006 0.178 c
8.07 6.451 13.294 15.82 13.294 26.257 c
13.294 30.357 l
13.294 30.421 13.241 30.471 13.171 30.471 c
-2.413 30.471 l
-2.478 30.471 -2.536 30.421 -2.536 30.357 c
-2.536 26.371 l
-2.536 15.594 -12.091 6.775 -23.766 6.775 c
-24.239 6.775 -24.631 7.131 -24.631 7.573 c
-24.631 30.357 l
-24.631 30.421 -24.683 30.471 -24.754 30.471 c
-40.344 30.471 l
-40.408 30.471 -40.466 30.421 -40.466 30.357 c
-40.466 -31.343 l
-40.466 -31.408 -40.408 -31.457 -40.344 -31.457 c
-24.754 -31.457 l
-24.683 -31.457 -24.631 -31.408 -24.631 -31.343 c
-24.631 -7.869 l
-24.631 -7.804 -24.572 -7.757 -24.508 -7.757 c
-22.253 -7.757 l
-10.571 -7.757 -1.017 -16.575 -1.017 -27.358 c
-1.017 -31.343 l
-1.017 -31.408 -0.958 -31.457 -0.894 -31.457 c
14.69 -31.457 l
14.761 -31.457 14.813 -31.408 14.813 -31.343 c
14.813 -27.244 l
14.813 -16.143 9.052 -6.197 0 0 c
f
Q
q 1 0 0 1 768.2664 279.7738 cm
0 0 m
0 14.608 l
-53.747 14.608 l
-53.747 -23.608 l
-15.826 -23.608 l
-15.826 -26.994 l
-15.826 -30.132 -18.601 -32.689 -21.907 -32.689 c
-53.747 -32.689 l
-53.747 -47.302 l
-21.907 -47.302 l
-9.838 -47.302 0 -38.222 0 -26.994 c
0 -9.081 l
-37.914 -9.081 l
-37.914 0 l
h
f
Q
q 1 0 0 1 792.8906 247.0423 cm
0 0 m
31.585 0 l
31.585 -14.619 l
-15.837 -14.619 l
-15.837 47.325 l
0 47.325 l
h
f
Q
q 1 0 0 1 657.4346 224.1264 cm
0 0 m
0 0.01 0 0.013 -0.001 0.023 c
1.086 0.805 1.79 1.975 1.79 3.278 c
1.79 3.789 l
1.79 3.798 1.784 3.804 1.774 3.804 c
-0.325 3.804 l
-0.333 3.804 -0.342 3.798 -0.342 3.789 c
-0.342 3.292 l
-0.342 1.947 -1.628 0.846 -3.2 0.846 c
-3.264 0.846 -3.317 0.891 -3.317 0.946 c
-3.317 3.789 l
-3.317 3.798 -3.324 3.804 -3.333 3.804 c
-5.433 3.804 l
-5.441 3.804 -5.449 3.798 -5.449 3.789 c
-5.449 -3.912 l
-5.449 -3.92 -5.441 -3.926 -5.433 -3.926 c
-3.333 -3.926 l
-3.324 -3.926 -3.317 -3.92 -3.317 -3.912 c
-3.317 -0.982 l
-3.317 -0.974 -3.309 -0.968 -3.3 -0.968 c
-2.997 -0.968 l
-1.423 -0.968 -0.137 -2.069 -0.137 -3.415 c
-0.137 -3.912 l
-0.137 -3.92 -0.13 -3.926 -0.121 -3.926 c
1.978 -3.926 l
1.988 -3.926 1.995 -3.92 1.995 -3.912 c
1.995 -3.401 l
1.995 -2.015 1.219 -0.773 0 0 c
f
Q
q 1 0 0 1 676.2734 226.1111 cm
0 0 m
0 1.819 l
-7.222 1.819 l
-7.222 -2.941 l
-2.127 -2.941 l
-2.127 -3.362 l
-2.127 -3.753 -2.5 -4.072 -2.944 -4.072 c
-7.222 -4.072 l
-7.222 -5.892 l
-2.944 -5.892 l
-1.323 -5.892 0 -4.761 0 -3.362 c
0 -1.132 l
-5.095 -1.132 l
-5.095 0 l
h
f
Q
q 1 0 0 1 684.8887 227.467 cm
0 0 m
0 -6.784 l
0.002 -6.782 l
0.002 -7.248 l
-0.612 -7.248 l
-0.61 -7.247 l
-1.658 -7.247 l
-1.658 -7.248 l
-2.029 -7.248 l
-2.029 -6.782 l
-2.028 -6.784 l
-2.028 -4.066 l
-5.642 -4.066 l
-5.642 -6.786 l
-5.637 -6.782 l
-5.637 -7.248 l
-6.248 -7.248 l
-6.248 -7.247 l
-7.056 -7.247 l
-7.055 -7.248 l
-7.667 -7.248 l
-7.667 0.143 l
-7.667 0.148 -7.667 0.153 -7.666 0.159 c
-7.666 0.463 l
-5.635 0.463 l
-5.635 -0.003 l
-5.642 0.001 l
-5.642 -2.627 l
-2.028 -2.627 l
-2.028 0.463 l
0.003 0.463 l
0.003 -0.003 l
h
f
Q
q 1 0 0 1 695.3275 227.9224 cm
0 0 m
0 -7.696 l
-1.976 -7.696 l
-1.976 -7.23 l
-1.975 -7.231 l
-1.975 -1.995 l
-3.763 -6.555 l
-3.834 -6.739 -4.048 -6.866 -4.291 -6.866 c
-5.195 -6.866 l
-5.44 -6.866 -5.654 -6.739 -5.727 -6.549 c
-7.513 -1.996 l
-7.513 -7.231 l
-7.512 -7.23 l
-7.512 -7.696 l
-9.488 -7.696 l
-9.488 0 l
-8.875 0 l
-8.878 -0.002 l
-7.559 0 l
-6.763 0 -6.064 -0.422 -5.821 -1.05 c
-4.745 -4.491 l
-3.666 -1.045 l
-3.424 -0.423 -2.725 0 -1.928 0 c
-0.611 -0.002 l
-0.614 0 l
h
f
Q
696.276 220.219 2.028 7.711 re
f*
q 1 0 0 1 704.5068 225.7014 cm
0 0 m
-0.181 -0.539 -0.753 -0.905 -1.405 -0.905 c
-3.228 -0.905 l
-3.228 0.487 l
-0.443 0.487 l
-0.147 0.487 0.083 0.245 0 0 c
2.104 -5.099 m
2.068 -4.215 1.62 -3 0.66 -2.15 c
0.494 -2.002 l
0.693 -1.888 l
1.591 -1.377 2.085 -0.583 2.085 0.347 c
2.085 1.381 1.15 2.222 -0.001 2.222 c
-4.642 2.229 l
-5.255 2.229 l
-5.255 2.023 l
-5.256 2.016 -5.256 2.008 -5.256 2.001 c
-5.256 -5.482 l
-3.228 -5.482 l
-3.228 -2.411 l
-2.253 -2.412 l
-0.774 -2.542 -0.016 -3.926 0.078 -5.243 c
0.078 -5.481 l
0.313 -5.481 l
0.324 -5.481 0.335 -5.482 0.347 -5.482 c
1.839 -5.481 l
1.848 -5.481 1.856 -5.481 1.866 -5.481 c
2.106 -5.481 l
2.106 -5.216 l
2.106 -5.178 2.105 -5.139 2.104 -5.099 c
f
Q
q 1 0 0 1 666.0746 224.741 cm
0 0 m
-3.658 0 l
-3.649 1.441 l
-1.039 1.439 -0.324 1.439 v
-0.117 1.439 0.001 1.338 0.001 1.161 c
h
2.029 1.103 m
2.029 2.63 0.79 3.174 -0.369 3.174 c
-3.492 3.177 -4.895 3.178 v
-5.698 3.199 l
-5.698 -4.532 l
-3.658 -4.532 l
-3.658 -1.441 l
-0.003 -1.441 l
-0.003 -4.53 l
2.029 -4.53 l
2.029 -0.676 l
2.025 -0.676 l
2.028 0.14 2.029 0.842 2.029 1.103 c
f
Q
q 1 0 0 1 719.0809 226.1188 cm
0 0 m
0 1.82 l
-7.221 1.82 l
-7.221 -2.94 l
-2.127 -2.94 l
-2.127 -3.361 l
-2.127 -3.753 -2.499 -4.071 -2.944 -4.071 c
-7.221 -4.071 l
-7.221 -5.891 l
-2.944 -5.891 l
-1.322 -5.891 0 -4.76 0 -3.361 c
0 -1.131 l
-5.095 -1.131 l
-5.095 0 l
h
f
Q
q 1 0 0 1 762.3923 227.8948 cm
0 0 m
0 -7.695 l
-1.976 -7.695 l
-1.976 -7.229 l
-1.975 -7.23 l
-1.975 -1.994 l
-3.763 -6.555 l
-3.834 -6.738 -4.048 -6.865 -4.291 -6.865 c
-5.195 -6.865 l
-5.44 -6.865 -5.654 -6.738 -5.727 -6.548 c
-7.513 -1.996 l
-7.513 -7.23 l
-7.512 -7.229 l
-7.512 -7.695 l
-9.488 -7.695 l
-9.488 0 l
-8.875 0 l
-8.878 -0.002 l
-7.559 0 l
-6.763 0 -6.064 -0.421 -5.821 -1.049 c
-4.745 -4.49 l
-3.666 -1.044 l
-3.424 -0.422 -2.725 0 -1.928 0 c
-0.612 -0.002 l
-0.614 0 l
h
f
Q
q 1 0 0 1 741.7232 225.6824 cm
0 0 m
-0.182 -0.539 -0.754 -0.905 -1.406 -0.905 c
-3.229 -0.905 l
-3.229 0.487 l
-0.444 0.487 l
-0.147 0.487 0.083 0.245 0 0 c
2.103 -5.099 m
2.067 -4.215 1.62 -3 0.659 -2.15 c
0.494 -2.002 l
0.693 -1.887 l
1.59 -1.377 2.085 -0.582 2.085 0.347 c
2.085 1.381 1.149 2.222 -0.002 2.222 c
-4.643 2.229 l
-5.255 2.229 l
-5.255 2.023 l
-5.257 2.016 -5.257 2.009 -5.257 2.001 c
-5.257 -5.482 l
-3.229 -5.482 l
-3.229 -2.411 l
-2.253 -2.412 l
-0.775 -2.542 -0.017 -3.926 0.078 -5.243 c
0.078 -5.48 l
0.314 -5.48 l
0.324 -5.481 0.334 -5.482 0.346 -5.482 c
1.839 -5.481 l
1.848 -5.481 1.856 -5.481 1.866 -5.48 c
2.106 -5.48 l
2.106 -5.216 l
2.106 -5.178 2.105 -5.139 2.103 -5.099 c
f
Q
q 1 0 0 1 727.3445 222.5839 cm
0 0 m
-0.019 -1.391 -1.339 -2.439 -3.068 -2.439 c
-4.246 -2.439 l
-5.94 -2.439 -7.318 -1.348 -7.318 -0.005 c
-7.318 5.346 l
-5.291 5.346 l
-5.291 5.057 l
-5.29 5.053 -5.29 5.048 -5.29 5.043 c
-5.29 -0.005 l
-5.29 -0.385 -4.813 -0.705 -4.246 -0.705 c
-3.17 -0.706 -3.074 -0.705 v
-2.565 -0.702 -2.025 -0.503 -2.028 0.045 c
-2.033 0.892 -2.037 3.657 -2.038 4.79 c
-2.038 5.346 l
-0.01 5.346 l
-0.01 5.049 l
-0.008 4.637 0.012 0.993 0 0 c
f
Q
q 1 0 0 1 733.4386 225.7195 cm
0 0 m
-0.175 -0.549 -0.752 -0.922 -1.411 -0.922 c
-3.115 -0.922 l
-3.115 0.47 l
-0.43 0.47 l
-0.143 0.47 0.076 0.237 0 0 c
-0.006 2.205 m
-4.238 2.21 l
-5.142 2.21 l
-5.142 -5.5 l
-3.115 -5.5 l
-3.115 -2.428 l
-1.411 -2.428 l
0.579 -2.428 2.08 -1.242 2.08 0.33 c
2.08 1.363 1.143 2.205 -0.006 2.205 c
f
Q
q 1 0 0 1 751.9478 221.935 cm
0 0 m
0 -1.735 l
-7.171 -1.735 l
-7.171 5.959 l
-6.084 5.959 l
-6.084 5.952 l
-0.068 5.952 l
-0.068 4.217 l
-4.949 4.217 l
-5.057 4.217 -5.144 4.143 -5.144 4.051 c
-5.144 2.881 l
-2.08 2.881 l
-2.08 1.501 l
-2.08 1.472 -2.105 1.449 -2.135 1.443 c
-2.14 1.442 -2.145 1.442 -2.15 1.442 c
-5.144 1.442 l
-5.144 0.14 l
-5.144 0.063 -5.07 0 -4.979 0 c
h
f
Q
q 1 0 0 1 770.5112 221.935 cm
0 0 m
0 -1.735 l
-7.171 -1.735 l
-7.171 5.959 l
-0.069 5.952 l
-0.069 4.217 l
-4.949 4.217 l
-5.057 4.217 -5.144 4.143 -5.144 4.051 c
-5.144 2.881 l
-2.08 2.881 l
-2.08 1.501 l
-2.08 1.472 -2.105 1.449 -2.135 1.443 c
-2.14 1.442 -2.145 1.442 -2.15 1.442 c
-5.144 1.442 l
-5.144 0.14 l
-5.144 0.063 -5.07 0 -4.979 0 c
h
f
Q
q 1 0 0 1 816.3523 222.5772 cm
0 0 m
-0.019 -1.391 -1.338 -2.44 -3.068 -2.44 c
-4.246 -2.44 l
-5.94 -2.44 -7.318 -1.348 -7.318 -0.006 c
-7.318 5.346 l
-5.291 5.346 l
-5.291 5.057 l
-5.29 5.053 -5.29 5.048 -5.29 5.042 c
-5.29 -0.006 l
-5.29 -0.385 -4.813 -0.705 -4.246 -0.705 c
-3.17 -0.707 -3.073 -0.705 v
-2.565 -0.702 -2.024 -0.503 -2.028 0.045 c
-2.033 0.891 -2.037 3.656 -2.038 4.789 c
-2.038 5.346 l
-0.009 5.346 l
-0.009 5.048 l
-0.008 4.636 0.012 0.992 0 0 c
f
Q
q 1 0 0 1 808.0868 224.7524 cm
0 0 m
0 -0.585 l
0 -1.181 -0.001 -2.302 y
-0.001 -2.847 -0.225 -4.622 -3.095 -4.622 c
-4.347 -4.621 l
-6.074 -4.621 -7.481 -3.574 -7.481 -2.286 c
-7.481 0.841 l
-7.481 2.13 -6.074 3.178 -4.347 3.178 c
-3.147 3.178 l
-1.259 3.178 -0.097 2.417 -0.037 1.144 c
-0.036 1.115 -0.037 1.084 -0.04 1.058 c
-0.04 0.779 l
-2.058 0.779 l
-2.058 0.952 l
-2.076 1.408 -2.383 1.446 -2.754 1.446 c
-4.347 1.443 l
-4.648 1.443 -5.453 1.443 -5.453 0.613 c
-5.453 -2.057 l
-5.453 -2.887 -4.62 -2.887 -4.347 -2.887 c
-3.099 -2.888 l
-2.923 -2.89 l
-2.123 -2.89 -2.024 -2.661 -2.024 -1.863 c
-2.024 -1.687 -2.189 -1.546 -2.392 -1.546 c
-3.868 -1.546 l
-3.868 -0.297 l
-3.868 -0.283 -3.867 -0.268 -3.864 -0.253 c
-3.864 0 l
h
f
Q
q 1 0 0 1 797.6288 224.7315 cm
0 0 m
-3.658 0 l
-3.648 1.441 l
-1.039 1.439 -0.324 1.439 v
-0.117 1.439 0.001 1.338 0.001 1.161 c
h
2.029 1.103 m
2.029 2.63 0.79 3.174 -0.369 3.174 c
-3.492 3.177 -4.894 3.178 v
-5.697 3.199 l
-5.697 -4.532 l
-3.658 -4.532 l
-3.658 -1.441 l
-0.002 -1.441 l
-0.002 -4.53 l
2.029 -4.53 l
2.029 -0.676 l
2.025 -0.676 l
2.028 0.14 2.029 0.842 2.029 1.103 c
f
Q
q 1 0 0 1 790.984 221.9245 cm
0 0 m
0 -1.734 l
-7.171 -1.734 l
-7.171 5.96 l
-6.084 5.96 l
-6.084 5.952 l
-0.069 5.952 l
-0.069 4.218 l
-4.949 4.218 l
-5.057 4.218 -5.144 4.144 -5.144 4.051 c
-5.144 2.881 l
-2.08 2.881 l
-2.08 1.502 l
-2.08 1.472 -2.105 1.449 -2.135 1.443 c
-2.14 1.443 -2.145 1.443 -2.15 1.443 c
-5.144 1.443 l
-5.144 0.14 l
-5.144 0.064 -5.07 0 -4.979 0 c
h
f
Q
q 1 0 0 1 824.475 221.9712 cm
0 0 m
0 -1.735 l
-7.17 -1.735 l
-7.17 5.959 l
-6.083 5.959 l
-6.083 5.952 l
-0.068 5.952 l
-0.068 4.217 l
-4.949 4.217 l
-5.057 4.217 -5.143 4.143 -5.143 4.051 c
-5.143 2.881 l
-2.079 2.881 l
-2.079 1.501 l
-2.079 1.472 -2.104 1.449 -2.134 1.443 c
-2.139 1.442 -2.144 1.442 -2.149 1.442 c
-5.143 1.442 l
-5.143 0.14 l
-5.143 0.063 -5.069 0 -4.979 0 c
h
f
Q
q 1 0 0 1 778.9473 221.9607 cm
0 0 m
3.616 0 l
3.616 -1.812 l
-1.812 -1.812 l
-1.812 5.869 l
0 5.869 l
h
f
Q
777.13 220.148 2.018 7.736 re
f*
Q
q
973.188 1080 m
973.188 1079.994 l
973.188 565.488 l
973.194 565.487 l
1487.701 565.487 l
1487.701 565.494 l
1487.701 1080 l
1487.695 1080 l
h
W n
q
0 g
1333.1877441 -88.1340942 88.1340942 1333.1877441 497.9541626 871.1669922 cm
BX /Sh4 sh EX Q
Q
q
973.188 565.487 514.513 514.513 re
W n
0.016 0.404 0.737 rg
q 1 0 0 1 1654.3361 642.0069 cm
0 0 m
-6.107 -12.886 l
-10.662 -21.09 -16.198 -28.463 -22.448 -34.96 c
-28.451 -40.141 -34.577 -45.229 -40.78 -50.143 c
-41.647 -50.837 -42.523 -51.558 -43.41 -52.239 c
-140.843 -128.859 -261.382 -171.826 -385.339 -174.055 c
-385.542 -174.059 -385.744 -174.062 -385.934 -174.04 c
-439.781 -174.996 -494.223 -168.249 -547.689 -153.237 c
-547.933 -153.189 -548.165 -153.112 -548.396 -153.036 c
-549.728 -152.672 -551.02 -152.294 -552.339 -151.902 c
-552.461 -151.877 -552.556 -151.866 -552.665 -151.815 c
-581.382 -143.485 -609.825 -132.745 -637.698 -119.534 c
-647.008 -115.121 -656.146 -110.489 -665.113 -105.636 c
-665.265 -105.531 -665.428 -105.453 -665.591 -105.376 c
-695.475 -89.138 -723.38 -70.563 -749.14 -49.928 c
-749.222 -49.889 -749.29 -49.823 -749.359 -49.756 c
-759.008 -42.04 -768.353 -34.033 -777.406 -25.764 c
-762.371 -31.219 -747.162 -36.021 -731.804 -40.157 c
-731.654 -40.195 -731.532 -40.219 -731.41 -40.243 c
-695.176 -49.995 -658.061 -56.053 -620.349 -58.382 c
-620.131 -58.418 -619.902 -58.427 -619.699 -58.423 c
-616.654 -58.629 -613.623 -58.795 -610.58 -58.934 c
-610.377 -58.93 -610.16 -58.965 -609.958 -58.961 c
-609.66 -58.969 -609.403 -58.99 -609.106 -58.997 c
-577.211 -60.34 -545.049 -59.002 -513.267 -54.941 c
-513.08 -54.898 -512.904 -54.88 -512.729 -54.863 c
-511.408 -54.686 -510.128 -54.524 -508.834 -54.335 c
-508.699 -54.333 -508.592 -54.316 -508.471 -54.273 c
-505.506 -53.873 -502.528 -53.445 -499.578 -53.005 c
-463.719 -47.535 -428.203 -38.558 -393.972 -26.365 c
-359.767 -14.159 -326.62 1.39 -295.399 19.858 c
-263.869 38.481 -234.056 60.257 -206.796 84.548 c
-198.754 91.703 -190.941 99.098 -183.395 106.689 c
-182.48 107.56 -181.604 108.416 -180.746 109.313 c
-177.85 112.252 -174.982 115.204 -172.152 118.21 c
-140.938 146.813 -94.289 155.362 -53.757 136.146 c
-2.534 111.87 20.561 51.975 0 0 c
f
Q
0.02 0.345 0.733 rg
q 1 0 0 1 1736.7152 619.5322 cm
0 0 m
-6.212 -13.107 l
-10.852 -21.452 -16.474 -28.953 -22.839 -35.561 c
-28.946 -40.83 -35.168 -46.006 -41.485 -51.005 c
-42.361 -51.711 -43.257 -52.445 -44.162 -53.138 c
-143.273 -131.074 -265.879 -174.782 -391.971 -177.048 c
-392.178 -177.052 -392.383 -177.056 -392.577 -177.033 c
-447.349 -178.006 -502.727 -171.142 -557.113 -155.872 c
-557.362 -155.823 -557.597 -155.745 -557.833 -155.668 c
-559.187 -155.297 -560.501 -154.913 -561.843 -154.515 c
-561.968 -154.49 -562.064 -154.478 -562.175 -154.425 c
-591.385 -145.953 -620.318 -135.028 -648.671 -121.589 c
-658.141 -117.1 -667.436 -112.389 -676.557 -107.453 c
-676.711 -107.346 -676.877 -107.267 -677.044 -107.188 c
-707.441 -90.671 -735.826 -71.775 -762.029 -50.786 c
-762.112 -50.746 -762.183 -50.679 -762.252 -50.612 c
-772.068 -42.763 -781.573 -34.618 -790.781 -26.207 c
-775.489 -31.755 -760.017 -36.64 -744.395 -40.847 c
-744.243 -40.886 -744.119 -40.91 -743.995 -40.935 c
-707.137 -50.855 -669.384 -57.017 -631.023 -59.386 c
-630.802 -59.422 -630.568 -59.432 -630.362 -59.427 c
-627.264 -59.637 -624.182 -59.806 -621.086 -59.947 c
-620.879 -59.943 -620.659 -59.98 -620.453 -59.975 c
-620.151 -59.983 -619.888 -60.005 -619.586 -60.012 c
-587.143 -61.378 -554.427 -60.016 -522.1 -55.886 c
-521.908 -55.841 -521.73 -55.824 -521.552 -55.806 c
-520.208 -55.626 -518.906 -55.462 -517.59 -55.269 c
-517.453 -55.266 -517.343 -55.25 -517.22 -55.206 c
-514.205 -54.799 -511.176 -54.365 -508.174 -53.916 c
-471.698 -48.352 -435.572 -39.221 -400.752 -26.818 c
-365.959 -14.402 -332.242 1.414 -300.485 20.2 c
-268.413 39.143 -238.086 61.294 -210.359 86.003 c
-202.175 93.281 -194.228 100.803 -186.558 108.525 c
-185.625 109.41 -184.739 110.281 -183.862 111.193 c
-180.918 114.183 -177.993 117.186 -175.115 120.244 c
-143.368 149.339 -95.918 158.034 -54.681 138.488 c
-2.582 113.795 20.914 52.869 0 0 c
f
Q
0.016 0.404 0.737 rg
q 1 0 0 1 794.8438 1010.1692 cm
0 0 m
6.108 12.891 l
10.666 21.095 16.2 28.47 22.456 34.968 c
28.455 40.141 34.578 45.229 40.786 50.146 c
41.65 50.841 42.526 51.566 43.417 52.242 c
140.851 128.866 261.385 171.828 385.343 174.058 c
385.546 174.058 385.748 174.067 385.938 174.048 c
439.785 175.001 494.227 168.255 547.693 153.239 c
547.937 153.191 548.168 153.115 548.4 153.039 c
549.732 152.677 551.024 152.296 552.343 151.905 c
552.465 151.886 552.56 151.867 552.669 151.819 c
581.389 143.492 609.83 132.744 637.699 119.538 c
647.008 115.127 656.145 110.496 665.121 105.637 c
665.264 105.532 665.435 105.456 665.597 105.38 c
695.477 89.144 723.385 70.564 749.139 49.927 c
749.225 49.889 749.291 49.822 749.368 49.765 c
759.01 42.047 768.357 34.034 777.409 25.764 c
762.373 31.223 747.167 36.025 731.807 40.161 c
731.655 40.199 731.541 40.227 731.417 40.246 c
695.182 50.003 658.061 56.053 620.349 58.388 c
620.139 58.426 619.901 58.435 619.701 58.426 c
616.661 58.635 613.632 58.797 610.583 58.94 c
610.382 58.931 610.163 58.969 609.963 58.969 c
609.668 58.969 609.411 58.997 609.106 58.997 c
577.215 60.341 545.053 59.007 513.272 54.948 c
513.083 54.9 512.908 54.881 512.733 54.862 c
511.412 54.691 510.132 54.529 508.839 54.338 c
508.703 54.338 508.596 54.319 508.475 54.281 c
505.51 53.881 502.532 53.452 499.582 53.004 c
463.723 47.535 428.207 38.56 393.976 26.364 c
359.771 14.159 326.624 -1.382 295.403 -19.856 c
263.874 -38.474 234.06 -60.253 206.8 -84.544 c
198.761 -91.699 190.943 -99.094 183.4 -106.685 c
182.485 -107.556 181.612 -108.413 180.752 -109.309 c
177.854 -112.249 174.984 -115.2 172.155 -118.206 c
140.944 -146.81 94.298 -155.358 53.757 -136.142 c
2.542 -111.866 -20.557 -51.975 0 0 c
f
Q
0.02 0.345 0.733 rg
q 1 0 0 1 757.7236 1054.5698 cm
0 0 m
6.615 12.634 l
11.496 20.647 17.319 27.803 23.828 34.044 c
30.028 38.979 36.349 43.819 42.747 48.478 c
43.638 49.145 44.543 49.831 45.461 50.47 c
145.865 123.15 268.013 161.29 391.962 158.584 c
392.165 158.584 392.367 158.575 392.556 158.546 c
446.399 157.365 500.528 148.456 553.355 131.324 c
553.597 131.267 553.825 131.182 554.054 131.096 c
555.371 130.677 556.646 130.248 557.949 129.81 c
558.07 129.781 558.164 129.762 558.271 129.705 c
586.634 120.243 614.627 108.381 641.957 94.07 c
651.076 89.287 660.022 84.294 668.788 79.092 c
668.941 78.978 669.103 78.892 669.265 78.816 c
698.477 61.398 725.613 41.723 750.538 20.085 c
750.615 20.037 750.681 19.971 750.748 19.904 c
760.086 11.805 769.099 3.44 777.817 -5.183 c
763.011 0.867 748.004 6.269 732.826 11.014 c
732.673 11.052 732.559 11.081 732.435 11.109 c
696.62 22.295 659.775 29.832 622.187 33.653 c
621.968 33.701 621.739 33.719 621.539 33.719 c
618.499 34.053 615.479 34.339 612.444 34.596 c
612.241 34.596 612.026 34.644 611.823 34.644 c
611.527 34.663 611.271 34.701 610.973 34.72 c
579.157 37.331 546.968 37.274 515.05 34.482 c
514.86 34.444 514.685 34.434 514.509 34.425 c
513.182 34.301 511.896 34.186 510.597 34.053 c
510.461 34.053 510.353 34.044 510.231 34.005 c
507.252 33.719 504.26 33.415 501.294 33.091 c
465.246 29.051 429.402 21.495 394.712 10.671 c
360.049 -0.162 326.31 -14.378 294.378 -31.595 c
262.134 -48.946 231.477 -69.516 203.272 -92.708 c
194.954 -99.539 186.848 -106.615 179.008 -113.9 c
178.06 -114.734 177.153 -115.554 176.259 -116.415 c
173.246 -119.237 170.261 -122.073 167.315 -124.964 c
134.99 -152.302 88.041 -158.988 48.297 -138.174 c
-1.912 -111.881 -22.609 -51.118 0 0 c
f
Q
0.949 0.969 0.988 rg
q 1 0 0 1 1183.5286 858.2012 cm
0 0 m
-0.066 -0.136 -0.132 -0.276 -0.202 -0.413 c
-26.768 11.011 l
-26.706 11.171 -26.648 11.328 -26.595 11.489 c
-26.446 12.038 -26.265 12.569 -26.054 13.09 c
-23.876 18.443 -18.621 22.227 -12.495 22.227 c
-4.756 22.227 1.597 16.187 2.1 8.572 c
2.121 8.25 2.133 7.924 2.133 7.599 c
2.133 7.273 2.121 6.947 2.1 6.625 c
2.017 5.346 1.766 4.113 1.374 2.945 c
h
f
Q
q 1 0 0 1 1185.6284 866.7736 cm
0 0 m
0 -1.948 l
-0.083 -3.226 -0.334 -4.459 -0.726 -5.627 c
-1.163 -6.617 -1.621 -7.602 -2.1 -8.572 c
-2.166 -8.709 -2.231 -8.849 -2.302 -8.985 c
-9.842 -24.136 -22.201 -36.488 -37.366 -44.012 c
-37.39 -44.024 -37.415 -44.036 -37.439 -44.044 c
-44.028 -47.311 -51.14 -49.663 -58.614 -50.938 c
-58.647 -50.945 -58.68 -50.95 -58.714 -50.954 c
-58.898 -50.987 -59.08 -51.016 -59.266 -51.044 c
-59.282 -51.049 -59.295 -51.053 -59.311 -51.053 c
-63.341 -51.705 -67.479 -52.043 -71.691 -52.043 c
-73.098 -52.043 -74.496 -52.006 -75.886 -51.932 c
-75.911 -51.928 -75.935 -51.928 -75.96 -51.928 c
-80.597 -51.671 -85.126 -51.012 -89.512 -49.973 c
-89.524 -49.973 -89.536 -49.968 -89.549 -49.964 c
-91.191 -49.576 -92.811 -49.135 -94.412 -48.644 c
-92.238 -48.438 -90.081 -48.14 -87.943 -47.753 c
-87.923 -47.749 -87.907 -47.745 -87.89 -47.74 c
-82.85 -46.824 -77.915 -45.402 -73.126 -43.483 c
-73.098 -43.475 -73.068 -43.463 -73.044 -43.451 c
-72.656 -43.298 -72.273 -43.141 -71.889 -42.98 c
-71.864 -42.968 -71.835 -42.959 -71.811 -42.948 c
-71.773 -42.93 -71.74 -42.918 -71.703 -42.902 c
-67.69 -41.202 -63.799 -39.156 -60.116 -36.796 c
-60.095 -36.78 -60.074 -36.768 -60.054 -36.755 c
-59.902 -36.656 -59.753 -36.561 -59.604 -36.463 c
-59.588 -36.454 -59.576 -36.446 -59.563 -36.433 c
-59.22 -36.21 -58.878 -35.984 -58.54 -35.757 c
-54.435 -32.985 -50.578 -29.8 -47.067 -26.294 c
-43.561 -22.787 -40.381 -18.93 -37.609 -14.826 c
-34.808 -10.685 -32.403 -6.254 -30.46 -1.663 c
-29.886 -0.31 -29.355 1.06 -28.868 2.438 c
-28.806 2.598 -28.748 2.755 -28.694 2.917 c
-28.509 3.448 -28.328 3.981 -28.154 4.517 c
-25.976 9.871 -20.72 13.655 -14.595 13.655 c
-6.856 13.655 -0.503 7.615 0 0 c
f
Q
q 1 0 0 1 1185.6284 779.1102 cm
0 0 m
0 -7.751 -6.303 -14.059 -14.055 -14.059 c
-15.148 -14.059 l
-18.501 -13.803 -21.62 -12.371 -24.025 -9.971 c
-25.415 -8.581 -26.479 -6.951 -27.177 -5.178 c
-27.177 -5.173 -27.18 -5.169 -27.18 -5.165 c
-27.358 -4.588 -27.54 -4.014 -27.733 -3.444 c
-27.733 -3.441 -27.733 -3.437 -27.737 -3.432 c
-28.369 -1.539 -29.074 0.333 -29.858 2.182 c
-31.801 6.773 -34.205 11.199 -37.007 15.345 c
-39.778 19.449 -42.959 23.306 -46.465 26.813 c
-47.885 28.232 -49.362 29.594 -50.888 30.901 c
-50.892 30.905 l
-51.044 31.037 -51.202 31.169 -51.354 31.301 c
-51.358 31.301 -51.363 31.305 v
-51.556 31.553 -51.667 31.866 -51.667 32.208 c
-51.667 32.815 -51.304 33.335 -50.784 33.566 c
-50.784 33.57 -50.78 33.566 v
-50.603 33.607 -50.426 33.653 -50.249 33.694 c
-46.243 34.671 -42.312 35.975 -38.479 37.592 c
-37.031 38.203 -35.604 38.859 -34.197 39.564 c
-34.193 39.568 -34.185 39.573 -34.177 39.576 c
-33.901 39.713 -33.616 39.853 -33.339 39.993 c
-33.336 39.993 l
-32.98 40.117 -32.597 40.182 -32.201 40.182 c
-31.747 40.182 -31.31 40.096 -30.91 39.939 c
-30.91 39.936 -30.906 39.936 y
-30.832 39.89 -30.761 39.844 -30.687 39.795 c
-30.678 39.791 -30.671 39.787 -30.658 39.778 c
-30.435 39.635 -30.212 39.494 -29.989 39.35 c
-29.986 39.345 -29.977 39.341 v
-29.911 39.3 -29.845 39.259 -29.78 39.213 c
-29.775 39.213 -29.771 39.21 y
-17.717 31.33 -7.983 20.184 -1.836 7.037 c
-1.831 7.037 -1.831 7.037 -1.836 7.034 c
-1.741 6.827 -1.645 6.625 -1.551 6.418 c
-1.546 6.41 -1.543 6.402 -1.539 6.393 c
-1.328 5.932 -1.122 5.465 -0.919 4.995 c
-0.912 4.978 -0.903 4.966 -0.899 4.95 c
-0.317 3.411 0 1.741 0 0 c
f
Q
q 1 0 0 1 1125.6239 809.6322 cm
0 0 m
-0.012 -0.083 -0.025 -0.161 -0.037 -0.239 c
-0.037 -0.248 l
-0.05 -0.338 -0.066 -0.43 -0.082 -0.52 c
-0.078 -0.524 -0.082 -0.524 y
-0.09 -0.602 -0.103 -0.673 -0.119 -0.751 c
-2.467 -15.07 -8.757 -28.08 -17.837 -38.628 c
-17.837 -38.632 -17.845 -38.636 y
-17.953 -38.768 -18.064 -38.896 -18.179 -39.024 c
-18.183 -39.029 l
-18.773 -39.709 -19.38 -40.377 -19.995 -41.037 c
-20.003 -41.046 -20.011 -41.053 -20.019 -41.062 c
-22.358 -43.174 -25.431 -44.494 -28.806 -44.581 c
-29.507 -44.581 l
-36.467 -44.403 -42.142 -38.991 -42.741 -32.147 c
-42.741 -29.334 l
-42.385 -26.293 -41.029 -23.481 -38.829 -21.282 c
-38.603 -21.055 -38.367 -20.837 -38.128 -20.634 c
-38.124 -20.626 -38.121 -20.621 -38.116 -20.626 c
-37.625 -20.258 -37.138 -19.888 -36.656 -19.512 c
-36.648 -19.504 l
-34.152 -17.552 -31.763 -15.445 -29.527 -13.205 c
-26.017 -9.699 -22.837 -5.842 -20.064 -1.737 c
-19.821 -1.374 -19.578 -1.011 -19.338 -0.644 c
-19.338 -0.639 -19.334 -0.635 -19.33 -0.627 c
-19.182 -0.396 -19.029 -0.17 -18.889 0.062 c
-18.885 0.066 -18.885 0.07 -18.881 0.07 c
-18.27 0.817 -17.358 1.303 -16.336 1.357 c
-16.166 1.341 -16.001 1.324 -15.832 1.307 c
-15.819 1.303 -15.807 1.303 -15.795 1.303 c
-15.647 1.291 -15.493 1.279 -15.346 1.266 c
-15.329 1.266 l
-13.113 1.077 -10.882 0.981 -8.638 0.981 c
-6.389 0.981 -4.158 1.077 -1.943 1.266 c
-1.934 1.266 l
-1.724 1.283 -1.509 1.303 -1.295 1.324 c
-0.611 1.242 -0.07 0.689 0 0 c
f
Q
q 1 0 0 1 1111.995 856.0365 cm
0 0 m
0.002 -0.145 0 -0.29 -0.006 -0.435 c
-0.072 -2.059 -0.6 -3.628 -1.555 -4.988 c
-2.869 -6.86 -4.833 -8.109 -7.083 -8.508 c
-7.298 -8.546 -7.516 -8.571 -7.729 -8.592 c
-8.263 -8.646 -8.793 -8.649 -9.32 -8.602 c
-9.472 -8.575 -9.62 -8.545 -9.769 -8.509 c
-10.341 -8.388 -10.91 -8.246 -11.469 -8.086 c
-11.605 -8.054 -11.737 -8.013 -11.87 -7.973 c
-16.204 -6.709 -20.193 -4.499 -23.558 -1.551 c
-23.726 -1.405 -23.89 -1.261 -24.053 -1.111 c
-24.788 -0.438 -25.489 0.272 -26.16 1.013 c
-26.17 1.029 -26.184 1.044 -26.193 1.056 c
-27.643 2.876 -28.67 5.071 -29.1 7.515 c
-29.764 11.3 -28.912 15.116 -26.709 18.262 c
-25.842 19.501 -24.801 20.579 -23.628 21.463 c
-22.851 22.062 -22.011 22.569 -21.124 22.993 c
-21.072 23.015 -21.021 23.041 -20.973 23.062 c
-19.855 23.575 -18.661 23.952 -17.419 24.171 c
-17.056 24.232 -16.697 24.284 -16.336 24.32 c
-15.641 24.389 -14.948 24.409 -14.256 24.374 c
-14.21 24.375 -14.16 24.371 -14.11 24.368 c
-14.105 24.364 l
-11.458 24.221 -8.895 23.337 -6.671 21.78 c
-3.864 19.809 -1.889 16.967 -1.028 13.691 c
-1.027 13.686 l
-0.968 13.34 -0.914 13.001 -0.862 12.654 c
-0.854 12.609 -0.845 12.565 -0.845 12.519 c
-0.733 11.809 -0.636 11.097 -0.549 10.38 c
-0.548 10.372 -0.552 10.364 -0.547 10.355 c
-0.534 10.237 -0.518 10.114 -0.506 9.99 c
-0.501 9.987 -0.501 9.982 -0.505 9.979 c
-0.123 6.688 0.052 3.355 0 0 c
f
Q
q 1 0 0 1 1246.077 829.3571 cm
0 0 m
0 0.075 0 0.103 -0.007 0.178 c
8.069 6.451 13.293 15.82 13.293 26.257 c
13.293 30.357 l
13.293 30.421 13.241 30.471 13.171 30.471 c
-2.413 30.471 l
-2.478 30.471 -2.536 30.421 -2.536 30.357 c
-2.536 26.371 l
-2.536 15.594 -12.091 6.775 -23.767 6.775 c
-24.239 6.775 -24.631 7.131 -24.631 7.573 c
-24.631 30.357 l
-24.631 30.421 -24.683 30.471 -24.754 30.471 c
-40.344 30.471 l
-40.408 30.471 -40.467 30.421 -40.467 30.357 c
-40.467 -31.343 l
-40.467 -31.408 -40.408 -31.457 -40.344 -31.457 c
-24.754 -31.457 l
-24.683 -31.457 -24.631 -31.408 -24.631 -31.343 c
-24.631 -7.869 l
-24.631 -7.804 -24.573 -7.757 -24.508 -7.757 c
-22.253 -7.757 l
-10.571 -7.757 -1.018 -16.575 -1.018 -27.358 c
-1.018 -31.343 l
-1.018 -31.408 -0.958 -31.457 -0.895 -31.457 c
14.69 -31.457 l
14.76 -31.457 14.813 -31.408 14.813 -31.343 c
14.813 -27.244 l
14.813 -16.143 9.052 -6.197 0 0 c
f
Q
q 1 0 0 1 1321.8914 845.2612 cm
0 0 m
0 14.608 l
-53.746 14.608 l
-53.746 -23.607 l
-15.826 -23.607 l
-15.826 -26.994 l
-15.826 -30.132 -18.6 -32.689 -21.907 -32.689 c
-53.746 -32.689 l
-53.746 -47.302 l
-21.907 -47.302 l
-9.838 -47.302 0 -38.222 0 -26.994 c
0 -9.081 l
-37.915 -9.081 l
-37.915 0 l
h
f
Q
q 1 0 0 1 1346.5156 812.5297 cm
0 0 m
31.584 0 l
31.584 -14.619 l
-15.838 -14.619 l
-15.838 47.325 l
0 47.325 l
h
f
Q
q 1 0 0 1 1211.0597 789.6139 cm
0 0 m
0 0.01 0 0.013 -0.001 0.023 c
1.086 0.805 1.79 1.975 1.79 3.278 c
1.79 3.789 l
1.79 3.798 1.783 3.804 1.773 3.804 c
-0.325 3.804 l
-0.334 3.804 -0.342 3.798 -0.342 3.789 c
-0.342 3.292 l
-0.342 1.947 -1.628 0.846 -3.2 0.846 c
-3.264 0.846 -3.317 0.891 -3.317 0.946 c
-3.317 3.789 l
-3.317 3.798 -3.324 3.804 -3.334 3.804 c
-5.433 3.804 l
-5.442 3.804 -5.45 3.798 -5.45 3.789 c
-5.45 -3.912 l
-5.45 -3.92 -5.442 -3.927 -5.433 -3.927 c
-3.334 -3.927 l
-3.324 -3.927 -3.317 -3.92 -3.317 -3.912 c
-3.317 -0.982 l
-3.317 -0.974 -3.309 -0.968 -3.301 -0.968 c
-2.997 -0.968 l
-1.423 -0.968 -0.137 -2.069 -0.137 -3.415 c
-0.137 -3.912 l
-0.137 -3.92 -0.13 -3.927 -0.121 -3.927 c
1.978 -3.927 l
1.988 -3.927 1.994 -3.92 1.994 -3.912 c
1.994 -3.401 l
1.994 -2.015 1.219 -0.773 0 0 c
f
Q
q 1 0 0 1 1229.8976 791.5986 cm
0 0 m
0 1.819 l
-7.221 1.819 l
-7.221 -2.941 l
-2.127 -2.941 l
-2.127 -3.362 l
-2.127 -3.753 -2.499 -4.072 -2.943 -4.072 c
-7.221 -4.072 l
-7.221 -5.892 l
-2.943 -5.892 l
-1.322 -5.892 0 -4.761 0 -3.362 c
0 -1.132 l
-5.095 -1.132 l
-5.095 0 l
h
f
Q
q 1 0 0 1 1238.5128 792.9543 cm
0 0 m
0 -6.784 l
0.003 -6.782 l
0.003 -7.248 l
-0.611 -7.248 l
-0.609 -7.247 l
-1.657 -7.247 l
-1.657 -7.248 l
-2.03 -7.248 l
-2.03 -6.782 l
-2.028 -6.784 l
-2.028 -4.066 l
-5.641 -4.066 l
-5.641 -6.786 l
-5.636 -6.782 l
-5.636 -7.248 l
-6.248 -7.248 l
-6.247 -7.247 l
-7.056 -7.247 l
-7.055 -7.248 l
-7.666 -7.248 l
-7.666 0.143 l
-7.666 0.159 l
-7.666 0.463 l
-5.635 0.463 l
-5.635 -0.003 l
-5.641 0.001 l
-5.641 -2.627 l
-2.028 -2.627 l
-2.028 0.463 l
0.004 0.463 l
0.004 -0.003 l
h
f
Q
q 1 0 0 1 1248.9526 793.4099 cm
0 0 m
0 -7.696 l
-1.976 -7.696 l
-1.976 -7.23 l
-1.975 -7.231 l
-1.975 -1.995 l
-3.763 -6.555 l
-3.834 -6.739 -4.048 -6.866 -4.291 -6.866 c
-5.196 -6.866 l
-5.44 -6.866 -5.654 -6.739 -5.727 -6.549 c
-7.513 -1.996 l
-7.513 -7.231 l
-7.512 -7.23 l
-7.512 -7.696 l
-9.488 -7.696 l
-9.488 0 l
-8.875 0 l
-8.878 -0.002 l
-7.559 0 l
-6.763 0 -6.064 -0.422 -5.821 -1.05 c
-4.745 -4.491 l
-3.666 -1.045 l
-3.424 -0.423 -2.725 0 -1.928 0 c
-0.612 -0.002 l
-0.614 0 l
h
f
Q
1249.901 785.706 2.027 7.711 re
f*
q 1 0 0 1 1258.132 791.1888 cm
0 0 m
-0.182 -0.539 -0.753 -0.905 -1.406 -0.905 c
-3.228 -0.905 l
-3.228 0.487 l
-0.444 0.487 l
-0.147 0.487 0.083 0.245 0 0 c
2.103 -5.099 m
2.067 -4.215 1.62 -3 0.66 -2.15 c
0.494 -2.002 l
0.693 -1.888 l
1.59 -1.377 2.085 -0.583 2.085 0.347 c
2.085 1.381 1.15 2.222 -0.001 2.222 c
-4.643 2.229 l
-5.255 2.229 l
-5.255 2.023 l
-5.256 2.016 -5.256 2.008 -5.256 2.001 c
-5.256 -5.482 l
-3.228 -5.482 l
-3.228 -2.411 l
-2.254 -2.411 l
-0.774 -2.542 -0.016 -3.927 0.078 -5.243 c
0.078 -5.481 l
0.313 -5.481 l
0.324 -5.481 0.334 -5.482 0.347 -5.482 c
1.839 -5.481 l
1.848 -5.481 1.856 -5.481 1.865 -5.481 c
2.106 -5.481 l
2.106 -5.216 l
2.106 -5.177 2.105 -5.139 2.103 -5.099 c
f
Q
q 1 0 0 1 1219.6997 790.2285 cm
0 0 m
-3.659 0 l
-3.649 1.441 l
-1.039 1.439 -0.325 1.439 v
-0.117 1.439 0.001 1.338 0.001 1.161 c
h
2.028 1.103 m
2.028 2.63 0.79 3.174 -0.369 3.174 c
-3.492 3.177 -4.895 3.178 v
-5.698 3.199 l
-5.698 -4.532 l
-3.659 -4.532 l
-3.659 -1.441 l
-0.003 -1.441 l
-0.003 -4.53 l
2.028 -4.53 l
2.028 -0.677 l
2.025 -0.677 l
2.028 0.14 2.028 0.842 2.028 1.103 c
f
Q
q 1 0 0 1 1272.7059 791.6062 cm
0 0 m
0 1.82 l
-7.222 1.82 l
-7.222 -2.94 l
-2.127 -2.94 l
-2.127 -3.362 l
-2.127 -3.753 -2.5 -4.071 -2.944 -4.071 c
-7.222 -4.071 l
-7.222 -5.891 l
-2.944 -5.891 l
-1.323 -5.891 0 -4.76 0 -3.362 c
0 -1.131 l
-5.095 -1.131 l
-5.095 0 l
h
f
Q
q 1 0 0 1 1316.0165 793.3822 cm
0 0 m
0 -7.695 l
-1.975 -7.695 l
-1.975 -7.229 l
-1.974 -7.23 l
-1.974 -1.994 l
-3.762 -6.555 l
-3.833 -6.738 -4.047 -6.865 -4.291 -6.865 c
-5.195 -6.865 l
-5.439 -6.865 -5.654 -6.738 -5.727 -6.548 c
-7.512 -1.996 l
-7.512 -7.23 l
-7.511 -7.229 l
-7.511 -7.695 l
-9.487 -7.695 l
-9.487 0 l
-8.874 0 l
-8.877 -0.002 l
-7.558 0 l
-6.762 0 -6.063 -0.421 -5.82 -1.049 c
-4.744 -4.49 l
-3.665 -1.044 l
-3.423 -0.422 -2.725 0 -1.927 0 c
-0.611 -0.002 l
-0.613 0 l
h
f
Q
q 1 0 0 1 1295.3473 791.1698 cm
0 0 m
-0.181 -0.539 -0.753 -0.905 -1.405 -0.905 c
-3.228 -0.905 l
-3.228 0.487 l
-0.443 0.487 l
-0.146 0.487 0.083 0.245 0 0 c
2.104 -5.099 m
2.068 -4.215 1.621 -3 0.66 -2.151 c
0.495 -2.002 l
0.694 -1.888 l
1.591 -1.377 2.086 -0.582 2.086 0.347 c
2.086 1.381 1.15 2.222 -0.001 2.222 c
-4.642 2.229 l
-5.255 2.229 l
-5.255 2.023 l
-5.256 2.016 -5.256 2.008 -5.256 2.001 c
-5.256 -5.482 l
-3.228 -5.482 l
-3.228 -2.411 l
-2.252 -2.412 l
-0.774 -2.542 -0.016 -3.926 0.079 -5.243 c
0.079 -5.481 l
0.314 -5.481 l
0.325 -5.481 0.335 -5.482 0.347 -5.482 c
1.839 -5.481 l
1.849 -5.481 1.857 -5.481 1.867 -5.481 c
2.107 -5.481 l
2.107 -5.216 l
2.107 -5.178 2.105 -5.139 2.104 -5.099 c
f
Q
q 1 0 0 1 1280.9686 788.0713 cm
0 0 m
-0.018 -1.391 -1.338 -2.439 -3.068 -2.439 c
-4.246 -2.439 l
-5.939 -2.439 -7.317 -1.348 -7.317 -0.005 c
-7.317 5.346 l
-5.291 5.346 l
-5.291 5.057 l
-5.289 5.053 -5.289 5.048 -5.289 5.043 c
-5.289 -0.005 l
-5.289 -0.385 -4.812 -0.705 -4.246 -0.705 c
-3.169 -0.706 -3.073 -0.705 v
-2.564 -0.702 -2.024 -0.503 -2.028 0.045 c
-2.033 0.892 -2.036 3.657 -2.037 4.79 c
-2.037 5.346 l
-0.01 5.346 l
-0.01 5.049 l
-0.007 4.637 0.013 0.993 0 0 c
f
Q
q 1 0 0 1 1287.0637 791.207 cm
0 0 m
-0.176 -0.549 -0.752 -0.922 -1.412 -0.922 c
-3.115 -0.922 l
-3.115 0.47 l
-0.43 0.47 l
-0.143 0.47 0.076 0.237 0 0 c
-0.006 2.205 m
-4.239 2.211 l
-5.142 2.211 l
-5.142 -5.5 l
-3.115 -5.5 l
-3.115 -2.428 l
-1.412 -2.428 l
0.579 -2.428 2.08 -1.242 2.08 0.33 c
2.08 1.363 1.143 2.205 -0.006 2.205 c
f
Q
q 1 0 0 1 1305.5728 787.4224 cm
0 0 m
0 -1.735 l
-7.171 -1.735 l
-7.171 5.959 l
-6.084 5.959 l
-6.084 5.952 l
-0.069 5.952 l
-0.069 4.217 l
-4.949 4.217 l
-5.057 4.217 -5.144 4.143 -5.144 4.051 c
-5.144 2.881 l
-2.08 2.881 l
-2.08 1.501 l
-2.08 1.472 -2.105 1.449 -2.135 1.443 c
-2.14 1.442 -2.145 1.442 -2.15 1.442 c
-5.144 1.442 l
-5.144 0.14 l
-5.144 0.063 -5.07 0 -4.979 0 c
h
f
Q
q 1 0 0 1 1324.1362 787.4224 cm
0 0 m
0 -1.735 l
-7.171 -1.735 l
-7.171 5.959 l
-0.069 5.952 l
-0.069 4.217 l
-4.949 4.217 l
-5.057 4.217 -5.144 4.143 -5.144 4.051 c
-5.144 2.881 l
-2.08 2.881 l
-2.08 1.501 l
-2.08 1.472 -2.105 1.449 -2.135 1.443 c
-2.14 1.442 -2.145 1.442 -2.15 1.442 c
-5.144 1.442 l
-5.144 0.14 l
-5.144 0.063 -5.07 0 -4.979 0 c
h
f
Q
q 1 0 0 1 1369.9774 788.0646 cm
0 0 m
-0.019 -1.391 -1.339 -2.44 -3.068 -2.44 c
-4.246 -2.44 l
-5.94 -2.44 -7.318 -1.348 -7.318 -0.006 c
-7.318 5.346 l
-5.291 5.346 l
-5.291 5.057 l
-5.29 5.053 -5.29 5.048 -5.29 5.042 c
-5.29 -0.006 l
-5.29 -0.385 -4.813 -0.705 -4.246 -0.705 c
-3.17 -0.707 -3.074 -0.705 v
-2.565 -0.702 -2.025 -0.503 -2.028 0.045 c
-2.033 0.891 -2.037 3.656 -2.038 4.789 c
-2.038 5.346 l
-0.01 5.346 l
-0.01 5.048 l
-0.008 4.636 0.012 0.992 0 0 c
f
Q
q 1 0 0 1 1361.7119 790.2399 cm
0 0 m
0 -0.585 l
0 -1.181 -0.002 -2.302 y
-0.002 -2.847 -0.225 -4.622 -3.096 -4.622 c
-4.347 -4.621 l
-6.074 -4.621 -7.481 -3.574 -7.481 -2.286 c
-7.481 0.841 l
-7.481 2.129 -6.074 3.178 -4.347 3.178 c
-3.147 3.178 l
-1.259 3.178 -0.097 2.417 -0.038 1.144 c
-0.036 1.115 -0.038 1.084 -0.04 1.058 c
-0.04 0.779 l
-2.058 0.779 l
-2.058 0.952 l
-2.077 1.408 -2.383 1.446 -2.754 1.446 c
-4.347 1.443 l
-4.649 1.443 -5.453 1.443 -5.453 0.613 c
-5.453 -2.057 l
-5.453 -2.887 -4.62 -2.887 -4.347 -2.887 c
-3.099 -2.888 l
-2.923 -2.89 l
-2.123 -2.89 -2.024 -2.661 -2.024 -1.863 c
-2.024 -1.687 -2.189 -1.546 -2.392 -1.546 c
-3.868 -1.546 l
-3.868 -0.297 l
-3.868 -0.283 -3.868 -0.268 -3.865 -0.253 c
-3.865 0 l
h
f
Q
q 1 0 0 1 1351.2539 790.2189 cm
0 0 m
-3.658 0 l
-3.649 1.441 l
-1.039 1.439 -0.324 1.439 v
-0.117 1.439 0.001 1.338 0.001 1.161 c
h
2.028 1.103 m
2.028 2.63 0.79 3.174 -0.369 3.174 c
-3.492 3.177 -4.895 3.178 v
-5.698 3.199 l
-5.698 -4.532 l
-3.658 -4.532 l
-3.658 -1.441 l
-0.003 -1.441 l
-0.003 -4.53 l
2.028 -4.53 l
2.028 -0.677 l
2.025 -0.677 l
2.028 0.14 2.028 0.842 2.028 1.103 c
f
Q
q 1 0 0 1 1344.608 787.412 cm
0 0 m
0 -1.734 l
-7.171 -1.734 l
-7.171 5.96 l
-6.083 5.96 l
-6.083 5.952 l
-0.068 5.952 l
-0.068 4.218 l
-4.949 4.218 l
-5.056 4.218 -5.143 4.144 -5.143 4.051 c
-5.143 2.881 l
-2.079 2.881 l
-2.079 1.502 l
-2.079 1.472 -2.104 1.449 -2.134 1.443 c
-2.139 1.443 -2.144 1.443 -2.148 1.443 c
-5.143 1.443 l
-5.143 0.14 l
-5.143 0.064 -5.069 0 -4.979 0 c
h
f
Q
q 1 0 0 1 1378.1 787.4586 cm
0 0 m
0 -1.735 l
-7.171 -1.735 l
-7.171 5.959 l
-6.083 5.959 l
-6.083 5.952 l
-0.067 5.952 l
-0.067 4.217 l
-4.945 4.217 l
-5.059 4.217 -5.145 4.143 -5.145 4.051 c
-5.145 2.881 l
-2.077 2.881 l
-2.077 1.501 l
-2.077 1.472 -2.106 1.449 -2.134 1.443 c
-2.144 1.442 -2.144 1.442 -2.153 1.442 c
-5.145 1.442 l
-5.145 0.14 l
-5.145 0.063 -5.069 0 -4.983 0 c
h
f
Q
q 1 0 0 1 1332.5724 787.4481 cm
0 0 m
3.616 0 l
3.616 -1.812 l
-1.812 -1.812 l
-1.812 5.869 l
0 5.869 l
h
f
Q
1330.755 785.636 2.018 7.736 re
f*
EMC 
Q
